0,0,0,0,0,0,0,0,0,0,0,41710.857773,23016.118988,30921.604000,0.000000,0.000000,0.000000,0.000000,0.000000,0.000000,0.000000,30343,26262,26157,0,0,0,0,0,0,0
1,0,0,0,0,0,0,0,0,0,0,50987.024167,49337.116715,89756.823856,49980.417360,0.000000,0.000000,0.000000,0.000000,0.000000,0.000000,22576,22625,29173,22378,0,0,0,0,0,0
2,0,0,0,0,0,0,0,0,0,0,40681.571718,40711.199404,42833.172727,67035.808399,0.000000,0.000000,0.000000,0.000000,0.000000,0.000000,33285,33379,33262,42238,0,0,0,0,0,0
3,0,0,0,0,0,0,0,0,0,0,40130.691757,41384.603089,65893.515455,0.000000,0.000000,0.000000,0.000000,0.000000,0.000000,0.000000,24632,24149,29475,0,0,0,0,0,0,0
4,0,0,0,0,0,0,0,0,0,0,40506.029831,31107.239597,49913.620660,0.000000,0.000000,0.000000,0.000000,0.000000,0.000000,0.000000,27675,27493,32510,0,0,0,0,0,0,0
5,0,0,0,0,0,0,0,0,0,0,32591.610117,18193.218465,18054.777070,0.000000,0.000000,0.000000,0.000000,0.000000,0.000000,0.000000,32088,26950,26828,0,0,0,0,0,0,0
6,0,0,0,0,0,0,0,0,0,0,100000.000000,0.000000,0.000000,0.000000,0.000000,0.000000,0.000000,0.000000,0.000000,0.000000,47794,0,0,0,0,0,0,0,0,0
7,0,0,0,0,0,0,0,0,0,0,21595.917343,23396.990699,39101.027581,0.000000,0.000000,0.000000,0.000000,0.000000,0.000000,0.000000,26325,26379,30650,0,0,0,0,0,0,0
8,0,0,0,0,0,0,0,0,0,0,34277.219130,33307.187511,51765.850374,51982.469760,0.000000,0.000000,0.000000,0.000000,0.000000,0.000000,23392,22924,23941,28568,0,0,0,0,0,0
9,0,0,0,0,0,0,0,0,0,0,26948.573443,24769.805231,24477.700526,44242.181102,0.000000,0.000000,0.000000,0.000000,0.000000,0.000000,29469,29159,29693,37567,0,0,0,0,0,0
10,0,0,0,0,0,0,0,0,0,0,33085.227131,37715.885998,22463.766364,16857.612719,0.000000,0.000000,0.000000,0.000000,0.000000,0.000000,8864,10821,9413,9329,0,0,0,0,0,0
11,0,0,0,0,0,0,0,0,0,0,17698.598799,11120.650056,11350.037795,8801.778983,0.000000,0.000000,0.000000,0.000000,0.000000,0.000000,27329,22644,22954,22975,0,0,0,0,0,0
12,0,0,0,0,0,0,0,0,0,0,54179.127758,30110.238643,27363.989972,27846.889276,0.000000,0.000000,0.000000,0.000000,0.000000,0.000000,17972,13795,14061,13429,0,0,0,0,0,0
13,0,0,0,0,0,0,0,0,0,0,19070.127772,34051.018924,16064.522615,19156.496338,0.000000,0.000000,0.000000,0.000000,0.000000,0.000000,24005,29260,24365,24147,0,0,0,0,0,0
14,0,0,0,0,0,0,0,0,0,0,18807.491174,18399.193728,28647.317074,32373.803667,0.000000,0.000000,0.000000,0.000000,0.000000,0.000000,22776,22419,23304,26917,0,0,0,0,0,0
15,0,0,0,0,0,0,0,0,0,0,21073.528755,12071.440983,8736.884213,10226.975765,0.000000,0.000000,0.000000,0.000000,0.000000,0.000000,28206,23152,23149,23286,0,0,0,0,0,0
16,0,0,0,0,0,0,0,0,0,0,40905.086918,70901.482999,36297.520126,0.000000,0.000000,0.000000,0.000000,0.000000,0.000000,0.000000,19612,24857,19511,0,0,0,0,0,0,0
17,0,0,0,0,0,0,0,0,0,0,12755.025121,19473.591831,25853.212205,0.000000,0.000000,0.000000,0.000000,0.000000,0.000000,0.000000,23830,23996,28152,0,0,0,0,0,0,0
18,0,0,0,0,0,0,0,0,0,0,26417.527681,27309.579318,46145.723969,0.000000,0.000000,0.000000,0.000000,0.000000,0.000000,0.000000,30886,30256,39299,0,0,0,0,0,0,0
19,0,0,0,0,0,0,0,0,0,0,30050.923537,25477.573715,44436.708371,23344.169301,0.000000,0.000000,0.000000,0.000000,0.000000,0.000000,19652,19046,24287,19813,0,0,0,0,0,0
20,0,0,0,0,0,0,0,0,0,0,17017.842435,13054.841227,25155.411201,0.000000,0.000000,0.000000,0.000000,0.000000,0.000000,0.000000,25357,25832,30440,0,0,0,0,0,0,0
21,0,0,0,0,0,0,0,0,0,0,8460.746320,7215.961990,11967.363034,0.000000,0.000000,0.000000,0.000000,0.000000,0.000000,0.000000,23114,23121,27315,0,0,0,0,0,0,0
22,0,0,0,0,0,0,0,0,0,0,26598.466748,22683.325860,12176.789557,0.000000,0.000000,0.000000,0.000000,0.000000,0.000000,0.000000,26434,23993,23266,0,0,0,0,0,0,0
23,0,0,0,0,0,0,0,0,0,0,32889.101774,33789.696625,49202.386859,0.000000,0.000000,0.000000,0.000000,0.000000,0.000000,0.000000,23319,23372,28227,0,0,0,0,0,0,0
24,0,0,0,0,0,0,0,0,0,0,17424.685875,23112.781337,11287.818945,0.000000,0.000000,0.000000,0.000000,0.000000,0.000000,0.000000,26251,30307,25889,0,0,0,0,0,0,0
25,0,0,0,0,0,0,0,0,0,0,2705.623339,1178.550868,1325.840725,0.000000,0.000000,0.000000,0.000000,0.000000,0.000000,0.000000,38709,36289,41581,0,0,0,0,0,0,0
26,0,0,0,0,0,0,0,0,0,0,52012.744422,29055.928758,28583.441266,0.000000,0.000000,0.000000,0.000000,0.000000,0.000000,0.000000,15299,13223,12824,0,0,0,0,0,0,0
27,0,0,0,0,0,0,0,0,0,0,71319.109399,42080.099043,39016.108741,0.000000,0.000000,0.000000,0.000000,0.000000,0.000000,0.000000,19540,15456,15694,0,0,0,0,0,0,0
28,0,0,0,0,0,0,0,0,0,0,27723.045054,31460.759646,50227.285016,0.000000,0.000000,0.000000,0.000000,0.000000,0.000000,0.000000,33736,33625,40307,0,0,0,0,0,0,0
29,0,0,0,0,0,0,0,0,0,0,30298.395822,47918.828527,0.000000,0.000000,0.000000,0.000000,0.000000,0.000000,0.000000,0.000000,21058,24077,0,0,0,0,0,0,0,0
30,0,0,0,0,0,0,0,0,0,0,41137.961528,26184.953119,21910.109044,0.000000,0.000000,0.000000,0.000000,0.000000,0.000000,0.000000,40735,34013,34532,0,0,0,0,0,0,0
31,0,0,0,0,0,0,0,0,0,0,20922.484694,22202.992174,27947.727127,0.000000,0.000000,0.000000,0.000000,0.000000,0.000000,0.000000,25959,26358,29928,0,0,0,0,0,0,0
32,0,0,0,0,0,0,0,0,0,0,30243.140015,53820.805340,29281.579133,31426.233344,0.000000,0.000000,0.000000,0.000000,0.000000,0.000000,34824,44467,34768,34722,0,0,0,0,0,0
33,0,0,0,0,0,0,0,0,0,0,53273.291137,89604.024598,51563.518383,0.000000,0.000000,0.000000,0.000000,0.000000,0.000000,0.000000,14200,18599,14421,0,0,0,0,0,0,0
34,0,0,0,0,0,0,0,0,0,0,20025.414717,33303.226185,30570.146419,0.000000,0.000000,0.000000,0.000000,0.000000,0.000000,0.000000,32003,35720,33568,0,0,0,0,0,0,0
35,0,0,0,0,0,0,0,0,0,0,21849.085048,34385.148846,24322.553820,0.000000,0.000000,0.000000,0.000000,0.000000,0.000000,0.000000,23241,26308,22876,0,0,0,0,0,0,0
36,0,0,0,0,0,0,0,0,0,0,32661.292886,29148.565305,50321.052745,30052.335112,0.000000,0.000000,0.000000,0.000000,0.000000,0.000000,30125,30080,37378,30409,0,0,0,0,0,0
37,0,0,0,0,0,0,0,0,0,0,20584.634251,42144.173473,0.000000,0.000000,0.000000,0.000000,0.000000,0.000000,0.000000,0.000000,20556,22258,0,0,0,0,0,0,0,0
38,0,0,0,0,0,0,0,0,0,0,23856.965301,23377.093739,37897.413294,0.000000,0.000000,0.000000,0.000000,0.000000,0.000000,0.000000,30559,30700,35939,0,0,0,0,0,0,0
39,0,0,0,0,0,0,0,0,0,0,33563.549340,51178.449520,41514.020682,0.000000,0.000000,0.000000,0.000000,0.000000,0.000000,0.000000,31485,37139,31872,0,0,0,0,0,0,0
40,0,0,0,0,0,0,0,0,0,0,21675.204285,28239.188290,0.000000,0.000000,0.000000,0.000000,0.000000,0.000000,0.000000,0.000000,20589,22851,0,0,0,0,0,0,0,0
41,0,0,0,0,0,0,0,0,0,0,23050.495780,22986.137637,39072.805335,0.000000,0.000000,0.000000,0.000000,0.000000,0.000000,0.000000,33309,33140,38971,0,0,0,0,0,0,0
42,0,0,0,0,0,0,0,0,0,0,19670.955996,29942.593137,28024.930926,0.000000,0.000000,0.000000,0.000000,0.000000,0.000000,0.000000,30320,32438,33874,0,0,0,0,0,0,0
43,0,0,0,0,0,0,0,0,0,0,17464.661727,32451.176754,22934.158278,0.000000,0.000000,0.000000,0.000000,0.000000,0.000000,0.000000,27540,32613,27458,0,0,0,0,0,0,0
44,0,0,0,0,0,0,0,0,0,0,63164.355271,42778.960929,41693.987936,60516.685087,0.000000,0.000000,0.000000,0.000000,0.000000,0.000000,26553,24260,25329,30287,0,0,0,0,0,0
45,0,0,0,0,0,0,0,0,0,0,29963.178575,17512.609484,23530.319154,0.000000,0.000000,0.000000,0.000000,0.000000,0.000000,0.000000,6687,5486,5654,0,0,0,0,0,0,0
46,0,0,0,0,0,0,0,0,0,0,28309.847726,57387.685525,44880.429493,0.000000,0.000000,0.000000,0.000000,0.000000,0.000000,0.000000,1821,2122,1827,0,0,0,0,0,0,0
47,0,0,0,0,0,0,0,0,0,0,24505.701369,20005.948213,43439.988087,0.000000,0.000000,0.000000,0.000000,0.000000,0.000000,0.000000,3695,3665,4329,0,0,0,0,0,0,0
48,0,0,0,0,0,0,0,0,0,0,100000.000000,0.000000,0.000000,0.000000,0.000000,0.000000,0.000000,0.000000,0.000000,0.000000,1503,0,0,0,0,0,0,0,0,0
49,0,0,0,0,0,0,0,0,0,0,36019.217581,39600.332459,89916.000000,0.000000,0.000000,0.000000,0.000000,0.000000,0.000000,0.000000,839,809,995,0,0,0,0,0,0,0
50,0,0,0,0,0,0,0,0,0,0,38728.076421,22651.951640,33399.661205,0.000000,0.000000,0.000000,0.000000,0.000000,0.000000,0.000000,21148,17946,17329,0,0,0,0,0,0,0
51,0,0,0,0,0,0,0,0,0,0,6562.008919,2684.702016,3025.182164,2830.811330,0.000000,0.000000,0.000000,0.000000,0.000000,0.000000,48485,36073,36981,37000,0,0,0,0,0,0
52,0,0,0,0,0,0,0,0,0,0,4534.090967,6704.004783,3828.169489,0.000000,0.000000,0.000000,0.000000,0.000000,0.000000,0.000000,20661,23895,20967,0,0,0,0,0,0,0
53,0,0,0,0,0,0,0,0,0,0,11803.377169,24416.272328,14925.732926,0.000000,0.000000,0.000000,0.000000,0.000000,0.000000,0.000000,25213,29312,24918,0,0,0,0,0,0,0
54,0,0,0,0,0,0,0,0,0,0,12379.696910,15484.195892,0.000000,0.000000,0.000000,0.000000,0.000000,0.000000,0.000000,0.000000,26320,30090,0,0,0,0,0,0,0,0
55,0,0,0,0,0,0,0,0,0,0,11550.901402,12491.767556,11698.054291,23239.888013,0.000000,0.000000,0.000000,0.000000,0.000000,0.000000,24156,23914,24102,29179,0,0,0,0,0,0
56,0,0,0,0,0,0,0,0,0,0,13408.096351,18672.711850,25982.572389,0.000000,0.000000,0.000000,0.000000,0.000000,0.000000,0.000000,24466,24710,29264,0,0,0,0,0,0,0
57,0,0,0,0,0,0,0,0,0,0,8550.826160,7839.343176,17785.200743,0.000000,0.000000,0.000000,0.000000,0.000000,0.000000,0.000000,23796,24190,27794,0,0,0,0,0,0,0
58,0,0,0,0,0,0,0,0,0,0,18987.697196,18367.730724,34441.654607,0.000000,0.000000,0.000000,0.000000,0.000000,0.000000,0.000000,28282,28424,36509,0,0,0,0,0,0,0
59,0,0,0,0,0,0,0,0,0,0,5458.164912,8093.930369,4406.371881,0.000000,0.000000,0.000000,0.000000,0.000000,0.000000,0.000000,20390,23252,20145,0,0,0,0,0,0,0
60,0,0,0,0,0,0,0,0,0,0,24037.656836,41160.167156,0.000000,0.000000,0.000000,0.000000,0.000000,0.000000,0.000000,0.000000,24562,27623,0,0,0,0,0,0,0,0
61,0,0,0,0,0,0,0,0,0,0,12849.166340,26758.173090,12719.482830,0.000000,0.000000,0.000000,0.000000,0.000000,0.000000,0.000000,30656,39771,31475,0,0,0,0,0,0,0
62,0,0,0,0,0,0,0,0,0,0,1970.681853,1589.851085,1493.664577,4556.234863,0.000000,0.000000,0.000000,0.000000,0.000000,0.000000,36964,38874,36531,44743,0,0,0,0,0,0
63,0,0,0,0,0,0,0,0,0,0,8420.944206,10003.915588,9222.958093,13011.490744,19587.118394,0.000000,0.000000,0.000000,0.000000,0.000000,28307,28362,28617,29027,39494,0,0,0,0,0
64,0,0,0,0,0,0,0,0,0,0,52259.918507,89946.966261,53230.081736,0.000000,0.000000,0.000000,0.000000,0.000000,0.000000,0.000000,15321,21510,15329,0,0,0,0,0,0,0
65,0,0,0,0,0,0,0,0,0,0,31835.891760,20204.423312,0.000000,0.000000,0.000000,0.000000,0.000000,0.000000,0.000000,0.000000,26475,23243,0,0,0,0,0,0,0,0
66,0,0,0,0,0,0,0,0,0,0,9429.791700,11116.273081,8546.745835,0.000000,0.000000,0.000000,0.000000,0.000000,0.000000,0.000000,24063,22851,21652,0,0,0,0,0,0,0
67,0,0,0,0,0,0,0,0,0,0,12867.973022,25081.713547,21504.032377,0.000000,0.000000,0.000000,0.000000,0.000000,0.000000,0.000000,24688,26012,27582,0,0,0,0,0,0,0
68,0,0,0,0,0,0,0,0,0,0,33407.382446,18794.609638,0.000000,0.000000,0.000000,0.000000,0.000000,0.000000,0.000000,0.000000,37959,31476,0,0,0,0,0,0,0,0
69,0,0,0,0,0,0,0,0,0,0,26711.107289,8971.168838,6699.410281,0.000000,0.000000,0.000000,0.000000,0.000000,0.000000,0.000000,6757,5683,5519,0,0,0,0,0,0,0
70,0,0,0,0,0,0,0,0,0,0,5575.948451,9281.047392,5756.729159,0.000000,0.000000,0.000000,0.000000,0.000000,0.000000,0.000000,20540,24456,20893,0,0,0,0,0,0,0
71,0,0,0,0,0,0,0,0,0,0,41275.863330,25684.273912,0.000000,0.000000,0.000000,0.000000,0.000000,0.000000,0.000000,0.000000,26588,23488,0,0,0,0,0,0,0,0
72,0,0,0,0,0,0,0,0,0,0,43346.769356,71733.495785,0.000000,0.000000,0.000000,0.000000,0.000000,0.000000,0.000000,0.000000,21713,27324,0,0,0,0,0,0,0,0
73,0,0,0,0,0,0,0,0,0,0,10421.983151,11945.326034,18331.833694,0.000000,0.000000,0.000000,0.000000,0.000000,0.000000,0.000000,23958,23668,27562,0,0,0,0,0,0,0
74,0,0,0,0,0,0,0,0,0,0,9385.765730,18778.730925,0.000000,0.000000,0.000000,0.000000,0.000000,0.000000,0.000000,0.000000,27895,32058,0,0,0,0,0,0,0,0
75,0,0,0,0,0,0,0,0,0,0,18144.542393,11858.846257,0.000000,0.000000,0.000000,0.000000,0.000000,0.000000,0.000000,0.000000,29864,25626,0,0,0,0,0,0,0,0
76,0,0,0,0,0,0,0,0,0,0,6305.548188,6956.791898,13780.112716,0.000000,0.000000,0.000000,0.000000,0.000000,0.000000,0.000000,30454,29918,37597,0,0,0,0,0,0,0
77,0,0,0,0,0,0,0,0,0,0,39309.350208,14364.346463,0.000000,0.000000,0.000000,0.000000,0.000000,0.000000,0.000000,0.000000,11299,9570,0,0,0,0,0,0,0,0
78,0,0,0,0,0,0,0,0,0,0,6424.425532,5131.972870,4127.049376,9479.405718,0.000000,0.000000,0.000000,0.000000,0.000000,0.000000,30320,30541,30648,40214,0,0,0,0,0,0
79,0,0,0,0,0,0,0,0,0,0,16802.964145,31702.040197,15998.771107,16663.135706,0.000000,0.000000,0.000000,0.000000,0.000000,0.000000,28517,35050,28407,28617,0,0,0,0,0,0
80,0,0,0,0,0,0,0,0,0,0,14009.458516,7283.950855,0.000000,0.000000,0.000000,0.000000,0.000000,0.000000,0.000000,0.000000,25450,22970,0,0,0,0,0,0,0,0
81,0,0,0,0,0,0,0,0,0,0,12169.404840,4863.065164,10889.056453,0.000000,0.000000,0.000000,0.000000,0.000000,0.000000,0.000000,25710,23120,23045,0,0,0,0,0,0,0
82,0,0,0,0,0,0,0,0,0,0,13953.826165,23943.778947,14561.007627,0.000000,0.000000,0.000000,0.000000,0.000000,0.000000,0.000000,25013,31711,25676,0,0,0,0,0,0,0
83,0,0,0,0,0,0,0,0,0,0,4309.555761,6498.767256,14869.100089,0.000000,0.000000,0.000000,0.000000,0.000000,0.000000,0.000000,4070,4060,4697,0,0,0,0,0,0,0
84,0,0,0,0,0,0,0,0,0,0,33612.419610,56375.203682,0.000000,0.000000,0.000000,0.000000,0.000000,0.000000,0.000000,0.000000,27213,33634,0,0,0,0,0,0,0,0
85,0,0,0,0,0,0,0,0,0,0,25187.063514,23389.804814,23110.308524,0.000000,0.000000,0.000000,0.000000,0.000000,0.000000,0.000000,32676,31342,31836,0,0,0,0,0,0,0
86,0,0,0,0,0,0,0,0,0,0,13552.171547,23774.881917,15032.087650,0.000000,0.000000,0.000000,0.000000,0.000000,0.000000,0.000000,31411,36188,30888,0,0,0,0,0,0,0
87,0,0,0,0,0,0,0,0,0,0,39066.931270,0.000000,0.000000,0.000000,0.000000,0.000000,0.000000,0.000000,0.000000,0.000000,739,0,0,0,0,0,0,0,0,0
88,0,0,0,0,0,0,0,0,0,0,32813.490532,20362.543709,27933.231252,19614.664643,0.000000,0.000000,0.000000,0.000000,0.000000,0.000000,35292,29288,29098,29211,0,0,0,0,0,0
89,0,0,0,0,0,0,0,0,0,0,30267.797505,26014.031433,0.000000,0.000000,0.000000,0.000000,0.000000,0.000000,0.000000,0.000000,17562,14990,0,0,0,0,0,0,0,0
90,0,0,0,0,0,0,0,0,0,0,39308.883684,24891.878606,0.000000,0.000000,0.000000,0.000000,0.000000,0.000000,0.000000,0.000000,16284,14373,0,0,0,0,0,0,0,0
91,0,0,0,0,0,0,0,0,0,0,13631.008793,15621.549240,27764.419266,0.000000,0.000000,0.000000,0.000000,0.000000,0.000000,0.000000,30864,30701,35859,0,0,0,0,0,0,0
92,0,0,0,0,0,0,0,0,0,0,31081.145450,30684.070749,20135.390653,0.000000,0.000000,0.000000,0.000000,0.000000,0.000000,0.000000,33445,37040,32802,0,0,0,0,0,0,0
93,0,0,0,0,0,0,0,0,0,0,13463.183452,15879.963733,19795.984556,0.000000,0.000000,0.000000,0.000000,0.000000,0.000000,0.000000,30146,30773,33771,0,0,0,0,0,0,0
94,0,0,0,0,0,0,0,0,0,0,31112.040422,39169.516029,42806.465988,0.000000,0.000000,0.000000,0.000000,0.000000,0.000000,0.000000,28578,28453,32842,0,0,0,0,0,0,0
95,0,0,0,0,0,0,0,0,0,0,29544.523510,0.000000,0.000000,0.000000,0.000000,0.000000,0.000000,0.000000,0.000000,0.000000,3584,0,0,0,0,0,0,0,0,0
96,0,0,0,0,0,0,0,0,0,0,22435.676295,31964.258015,15689.765174,0.000000,0.000000,0.000000,0.000000,0.000000,0.000000,0.000000,33342,38769,33257,0,0,0,0,0,0,0
97,0,0,0,0,0,0,0,0,0,0,30918.955564,15920.109881,22806.783228,0.000000,0.000000,0.000000,0.000000,0.000000,0.000000,0.000000,38623,33300,33457,0,0,0,0,0,0,0
98,0,0,0,0,0,0,0,0,0,0,37577.750095,0.000000,0.000000,0.000000,0.000000,0.000000,0.000000,0.000000,0.000000,0.000000,801,0,0,0,0,0,0,0,0,0
99,0,0,0,0,0,0,0,0,0,0,41241.202491,21602.962058,25378.886882,22843.692918,0.000000,0.000000,0.000000,0.000000,0.000000,0.000000,40890,33438,33099,33237,0,0,0,0,0,0
100,0,0,0,0,0,0,0,0,0,0,38641.975828,40844.076068,22888.507821,0.000000,0.000000,0.000000,0.000000,0.000000,0.000000,0.000000,35339,34623,32458,0,0,0,0,0,0,0
101,0,0,0,0,0,0,0,0,0,0,35716.886871,0.000000,0.000000,0.000000,0.000000,0.000000,0.000000,0.000000,0.000000,0.000000,485,0,0,0,0,0,0,0,0,0
102,0,0,0,0,0,0,0,0,0,0,20646.111605,0.000000,0.000000,0.000000,0.000000,0.000000,0.000000,0.000000,0.000000,0.000000,5299,0,0,0,0,0,0,0,0,0
103,0,0,0,0,0,0,0,0,0,0,23036.779726,0.000000,0.000000,0.000000,0.000000,0.000000,0.000000,0.000000,0.000000,0.000000,357,0,0,0,0,0,0,0,0,0
104,0,0,0,0,0,0,0,0,0,0,23516.965351,53890.652819,27945.951007,0.000000,0.000000,0.000000,0.000000,0.000000,0.000000,0.000000,559,644,531,0,0,0,0,0,0,0
105,0,0,0,0,0,0,0,0,0,0,64166.304758,33781.203119,33444.616236,33177.129357,0.000000,0.000000,0.000000,0.000000,0.000000,0.000000,1040,848,818,844,0,0,0,0,0,0
106,0,0,0,0,0,0,0,0,0,0,15299.452564,6326.695511,0.000000,0.000000,0.000000,0.000000,0.000000,0.000000,0.000000,0.000000,5485,5108,0,0,0,0,0,0,0,0
107,0,0,0,0,0,0,0,0,0,0,19148.246164,31794.045811,0.000000,0.000000,0.000000,0.000000,0.000000,0.000000,0.000000,0.000000,391,481,0,0,0,0,0,0,0,0
108,0,0,0,0,0,0,0,0,0,0,16934.094987,0.000000,0.000000,0.000000,0.000000,0.000000,0.000000,0.000000,0.000000,0.000000,6392,0,0,0,0,0,0,0,0,0
109,0,0,0,0,0,0,0,0,0,0,26811.441783,9708.123135,13449.707805,0.000000,0.000000,0.000000,0.000000,0.000000,0.000000,0.000000,7862,6418,6634,0,0,0,0,0,0,0
110,0,0,0,0,0,0,0,0,0,0,0.000000,0.000000,0.000000,0.000000,0.000000,0.000000,0.000000,0.000000,0.000000,0.000000,0,0,0,0,0,0,0,0,0,0
111,0,0,0,0,0,0,0,0,0,0,89939.999999,41098.007163,0.000000,0.000000,0.000000,0.000000,0.000000,0.000000,0.000000,0.000000,509,454,0,0,0,0,0,0,0,0
112,0,0,0,0,0,0,0,0,0,0,4058.782047,7063.221066,4440.655115,0.000000,0.000000,0.000000,0.000000,0.000000,0.000000,0.000000,19646,20118,22399,0,0,0,0,0,0,0
113,0,0,0,0,0,0,0,0,0,0,1157.006659,1272.087641,2506.403919,0.000000,0.000000,0.000000,0.000000,0.000000,0.000000,0.000000,32033,31227,37510,0,0,0,0,0,0,0
114,0,0,0,0,0,0,0,0,0,0,17593.894056,14309.368517,13235.120503,0.000000,0.000000,0.000000,0.000000,0.000000,0.000000,0.000000,30270,32870,29360,0,0,0,0,0,0,0
115,0,0,0,0,0,0,0,0,0,0,393.912572,931.000953,550.593261,0.000000,0.000000,0.000000,0.000000,0.000000,0.000000,0.000000,42800,49981,43086,0,0,0,0,0,0,0
116,0,0,0,0,0,0,0,0,0,0,8630.126399,0.000000,0.000000,0.000000,0.000000,0.000000,0.000000,0.000000,0.000000,0.000000,28295,0,0,0,0,0,0,0,0,0
117,0,0,0,0,0,0,0,0,0,0,151.936599,203.912492,0.000000,0.000000,0.000000,0.000000,0.000000,0.000000,0.000000,0.000000,52431,47383,0,0,0,0,0,0,0,0
118,0,0,0,0,0,0,0,0,0,0,336.979423,983.523887,132.916247,0.000000,0.000000,0.000000,0.000000,0.000000,0.000000,0.000000,28570,33240,28732,0,0,0,0,0,0,0
119,0,0,0,0,0,0,0,0,0,0,3844.663857,1592.283302,0.000000,0.000000,0.000000,0.000000,0.000000,0.000000,0.000000,0.000000,25807,23565,0,0,0,0,0,0,0,0
120,0,0,0,0,0,0,0,0,0,0,3693.908848,0.000000,0.000000,0.000000,0.000000,0.000000,0.000000,0.000000,0.000000,0.000000,21677,0,0,0,0,0,0,0,0,0
121,0,0,0,0,0,0,0,0,0,0,6425.120247,4102.552206,2801.286917,0.000000,0.000000,0.000000,0.000000,0.000000,0.000000,0.000000,22390,23402,21032,0,0,0,0,0,0,0
122,0,0,0,0,0,0,0,0,0,0,954.392948,155.318959,149.976094,414.986371,0.000000,0.000000,0.000000,0.000000,0.000000,0.000000,33480,36509,31313,31356,0,0,0,0,0,0
123,0,0,0,0,0,0,0,0,0,0,137.858029,578.429680,36.961178,0.000000,0.000000,0.000000,0.000000,0.000000,0.000000,0.000000,42762,42093,49223,0,0,0,0,0,0,0
124,0,0,0,0,0,0,0,0,0,0,-224.948149,9.311986,0.000000,0.000000,0.000000,0.000000,0.000000,0.000000,0.000000,0.000000,61067,69005,0,0,0,0,0,0,0,0
125,0,0,0,0,0,0,0,0,0,0,3102.445628,1506.444070,1229.334738,0.000000,0.000000,0.000000,0.000000,0.000000,0.000000,0.000000,43912,36150,36376,0,0,0,0,0,0,0
126,0,0,0,0,0,0,0,0,0,0,9240.694016,0.000000,0.000000,0.000000,0.000000,0.000000,0.000000,0.000000,0.000000,0.000000,24427,0,0,0,0,0,0,0,0,0
127,0,0,0,0,0,0,0,0,0,0,13778.768152,8171.530298,0.000000,0.000000,0.000000,0.000000,0.000000,0.000000,0.000000,0.000000,23830,21130,0,0,0,0,0,0,0,0
128,0,0,0,0,0,0,0,0,0,0,12340.205988,11660.828632,15990.107292,0.000000,0.000000,0.000000,0.000000,0.000000,0.000000,0.000000,23942,22690,25540,0,0,0,0,0,0,0
129,0,0,0,0,0,0,0,0,0,0,3342.518647,8511.800625,0.000000,0.000000,0.000000,0.000000,0.000000,0.000000,0.000000,0.000000,22338,24591,0,0,0,0,0,0,0,0
130,0,0,0,0,0,0,0,0,0,0,1002.715167,288.242494,505.941540,0.000000,0.000000,0.000000,0.000000,0.000000,0.000000,0.000000,43788,48467,43197,0,0,0,0,0,0,0
131,0,0,0,0,0,0,0,0,0,0,10754.879897,16491.689033,12894.567590,0.000000,0.000000,0.000000,0.000000,0.000000,0.000000,0.000000,22702,23670,25478,0,0,0,0,0,0,0
132,0,0,0,0,0,0,0,0,0,0,15445.778011,8033.777380,0.000000,0.000000,0.000000,0.000000,0.000000,0.000000,0.000000,0.000000,25015,22498,0,0,0,0,0,0,0,0
133,0,0,0,0,0,0,0,0,0,0,18491.547541,10461.702106,0.000000,0.000000,0.000000,0.000000,0.000000,0.000000,0.000000,0.000000,25040,23113,0,0,0,0,0,0,0,0
134,0,0,0,0,0,0,0,0,0,0,7694.873601,1374.597691,0.000000,0.000000,0.000000,0.000000,0.000000,0.000000,0.000000,0.000000,2781,2582,0,0,0,0,0,0,0,0
135,0,0,0,0,0,0,0,0,0,0,4010.516861,8340.773076,7073.142350,0.000000,0.000000,0.000000,0.000000,0.000000,0.000000,0.000000,21097,23236,22950,0,0,0,0,0,0,0
136,0,0,0,0,0,0,0,0,0,0,1232.891393,527.030216,0.000000,0.000000,0.000000,0.000000,0.000000,0.000000,0.000000,0.000000,52467,47613,0,0,0,0,0,0,0,0
137,0,0,0,0,0,0,0,0,0,0,7509.678846,3019.310355,4392.556527,0.000000,0.000000,0.000000,0.000000,0.000000,0.000000,0.000000,22511,19898,19995,0,0,0,0,0,0,0
138,0,0,0,0,0,0,0,0,0,0,9268.299731,4948.522603,3699.388677,0.000000,0.000000,0.000000,0.000000,0.000000,0.000000,0.000000,26375,22566,22032,0,0,0,0,0,0,0
139,0,0,0,0,0,0,0,0,0,0,6329.743201,9076.375204,5633.835915,0.000000,0.000000,0.000000,0.000000,0.000000,0.000000,0.000000,26897,30321,25954,0,0,0,0,0,0,0
140,0,0,0,0,0,0,0,0,0,0,70.486661,-192.449820,0.000000,0.000000,0.000000,0.000000,0.000000,0.000000,0.000000,0.000000,51034,56434,0,0,0,0,0,0,0,0
141,0,0,0,0,0,0,0,0,0,0,671.749496,441.606659,0.000000,0.000000,0.000000,0.000000,0.000000,0.000000,0.000000,0.000000,18267,16733,0,0,0,0,0,0,0,0
142,0,0,0,0,0,0,0,0,0,0,-271.621910,-140.298600,0.000000,0.000000,0.000000,0.000000,0.000000,0.000000,0.000000,0.000000,51791,47194,0,0,0,0,0,0,0,0
143,0,0,0,0,0,0,0,0,0,0,4079.040612,1979.749813,0.000000,0.000000,0.000000,0.000000,0.000000,0.000000,0.000000,0.000000,43622,38212,0,0,0,0,0,0,0,0
144,0,0,0,0,0,0,0,0,0,0,3548.790970,1332.509172,0.000000,0.000000,0.000000,0.000000,0.000000,0.000000,0.000000,0.000000,21744,20588,0,0,0,0,0,0,0,0
145,0,0,0,0,0,0,0,0,0,0,-11.017319,291.411150,-43.842347,0.000000,0.000000,0.000000,0.000000,0.000000,0.000000,0.000000,63609,55181,54180,0,0,0,0,0,0,0
146,0,0,0,0,0,0,0,0,0,0,2260.404563,5606.499138,0.000000,0.000000,0.000000,0.000000,0.000000,0.000000,0.000000,0.000000,23427,25266,0,0,0,0,0,0,0,0
147,0,0,0,0,0,0,0,0,0,0,-169.938258,0.000000,0.000000,0.000000,0.000000,0.000000,0.000000,0.000000,0.000000,0.000000,70623,0,0,0,0,0,0,0,0,0
148,0,0,0,0,0,0,0,0,0,0,2633.786274,6010.239932,0.000000,0.000000,0.000000,0.000000,0.000000,0.000000,0.000000,0.000000,25974,24998,0,0,0,0,0,0,0,0
149,0,0,0,0,0,0,0,0,0,0,100000.000000,0.000000,0.000000,0.000000,0.000000,0.000000,0.000000,0.000000,0.000000,0.000000,21744,0,0,0,0,0,0,0,0,0
150,0,0,0,0,0,0,0,0,0,0,615.849725,182.847404,0.000000,0.000000,0.000000,0.000000,0.000000,0.000000,0.000000,0.000000,41287,44940,0,0,0,0,0,0,0,0
151,0,0,0,0,0,0,0,0,0,0,836.047753,831.910894,3455.514546,0.000000,0.000000,0.000000,0.000000,0.000000,0.000000,0.000000,19797,18157,18763,0,0,0,0,0,0,0
152,0,0,0,0,0,0,0,0,0,0,1247.846904,435.542318,0.000000,0.000000,0.000000,0.000000,0.000000,0.000000,0.000000,0.000000,42503,46477,0,0,0,0,0,0,0,0
153,0,0,0,0,0,0,0,0,0,0,3548.224157,0.000000,0.000000,0.000000,0.000000,0.000000,0.000000,0.000000,0.000000,0.000000,26690,0,0,0,0,0,0,0,0,0
154,0,0,0,0,0,0,0,0,0,0,3272.352786,6061.132030,2012.660771,0.000000,0.000000,0.000000,0.000000,0.000000,0.000000,0.000000,21859,21234,19984,0,0,0,0,0,0,0
155,0,0,0,0,0,0,0,0,0,0,1054.756449,1437.094764,621.163544,542.512988,0.000000,0.000000,0.000000,0.000000,0.000000,0.000000,30356,36876,30794,31224,0,0,0,0,0,0
156,0,0,0,0,0,0,0,0,0,0,105.657852,1236.355621,240.904087,0.000000,0.000000,0.000000,0.000000,0.000000,0.000000,0.000000,34994,35865,39959,0,0,0,0,0,0,0
157,0,0,0,0,0,0,0,0,0,0,1302.362250,1541.986172,720.983276,0.000000,0.000000,0.000000,0.000000,0.000000,0.000000,0.000000,34937,35856,39565,0,0,0,0,0,0,0
158,0,0,0,0,0,0,0,0,0,0,1278.820720,551.298897,0.000000,0.000000,0.000000,0.000000,0.000000,0.000000,0.000000,0.000000,45921,40827,0,0,0,0,0,0,0,0
159,0,0,0,0,0,0,0,0,0,0,8795.139154,4443.383585,5628.902813,0.000000,0.000000,0.000000,0.000000,0.000000,0.000000,0.000000,28026,23615,23645,0,0,0,0,0,0,0
160,0,0,0,0,0,0,0,0,0,0,-226.620981,617.534125,0.000000,0.000000,0.000000,0.000000,0.000000,0.000000,0.000000,0.000000,38430,35757,0,0,0,0,0,0,0,0
161,0,0,0,0,0,0,0,0,0,0,4275.381493,11737.629874,3435.317467,0.000000,0.000000,0.000000,0.000000,0.000000,0.000000,0.000000,3533,4097,3277,0,0,0,0,0,0,0
162,0,0,0,0,0,0,0,0,0,0,192.930910,886.935755,0.000000,0.000000,0.000000,0.000000,0.000000,0.000000,0.000000,0.000000,46845,49836,0,0,0,0,0,0,0,0
163,0,0,0,0,0,0,0,0,0,0,13575.072402,5971.321957,6015.406318,0.000000,0.000000,0.000000,0.000000,0.000000,0.000000,0.000000,28979,24553,23532,0,0,0,0,0,0,0
164,0,0,0,0,0,0,0,0,0,0,3387.742389,10277.558080,4203.342114,0.000000,0.000000,0.000000,0.000000,0.000000,0.000000,0.000000,21671,25571,22329,0,0,0,0,0,0,0
165,0,0,0,0,0,0,0,0,0,0,4400.284498,8517.957803,0.000000,0.000000,0.000000,0.000000,0.000000,0.000000,0.000000,0.000000,20502,22466,0,0,0,0,0,0,0,0
166,0,0,0,0,0,0,0,0,0,0,-190.822257,-85.121446,-236.197220,0.000000,0.000000,0.000000,0.000000,0.000000,0.000000,0.000000,68102,58149,57779,0,0,0,0,0,0,0
167,0,0,0,0,0,0,0,0,0,0,1387.029760,2739.643454,2203.472597,0.000000,0.000000,0.000000,0.000000,0.000000,0.000000,0.000000,34573,36020,39320,0,0,0,0,0,0,0
168,0,0,0,0,0,0,0,0,0,0,14453.615508,18703.680936,11386.603903,0.000000,0.000000,0.000000,0.000000,0.000000,0.000000,0.000000,23028,26619,23266,0,0,0,0,0,0,0
169,0,0,0,0,0,0,0,0,0,0,1573.968726,2213.108801,0.000000,0.000000,0.000000,0.000000,0.000000,0.000000,0.000000,0.000000,19880,22124,0,0,0,0,0,0,0,0
170,0,0,0,0,0,0,0,0,0,0,1264.436119,1365.178399,2614.441227,2005.645150,0.000000,0.000000,0.000000,0.000000,0.000000,0.000000,43919,40471,42609,38937,0,0,0,0,0,0
171,0,0,0,0,0,0,0,0,0,0,-244.760067,-266.806412,-118.792680,0.000000,0.000000,0.000000,0.000000,0.000000,0.000000,0.000000,54370,52534,59958,0,0,0,0,0,0,0
172,0,0,0,0,0,0,0,0,0,0,1193.336102,489.782578,224.601841,0.000000,0.000000,0.000000,0.000000,0.000000,0.000000,0.000000,38477,44288,38142,0,0,0,0,0,0,0
173,0,0,0,0,0,0,0,0,0,0,15772.088806,25049.148178,0.000000,0.000000,0.000000,0.000000,0.000000,0.000000,0.000000,0.000000,25033,29374,0,0,0,0,0,0,0,0
174,0,0,0,0,0,0,0,0,0,0,1968.494812,458.930118,803.820035,0.000000,0.000000,0.000000,0.000000,0.000000,0.000000,0.000000,35162,30331,29585,0,0,0,0,0,0,0
175,0,0,0,0,0,0,0,0,0,0,-71.290854,179.269530,0.000000,0.000000,0.000000,0.000000,0.000000,0.000000,0.000000,0.000000,65031,58394,0,0,0,0,0,0,0,0
176,0,0,0,0,0,0,0,0,0,0,10517.602797,12045.231529,4582.323565,4916.201557,4254.941710,0.000000,0.000000,0.000000,0.000000,0.000000,22052,26392,21679,21618,21183,0,0,0,0,0
177,0,0,0,0,0,0,0,0,0,0,11415.639074,11831.037391,5181.153666,0.000000,0.000000,0.000000,0.000000,0.000000,0.000000,0.000000,22321,25422,22205,0,0,0,0,0,0,0
178,0,0,0,0,0,0,0,0,0,0,5621.532421,0.000000,0.000000,0.000000,0.000000,0.000000,0.000000,0.000000,0.000000,0.000000,21074,0,0,0,0,0,0,0,0,0
179,0,0,0,0,0,0,0,0,0,0,915.626833,3504.969788,1352.986413,0.000000,0.000000,0.000000,0.000000,0.000000,0.000000,0.000000,18371,18901,20951,0,0,0,0,0,0,0
180,0,0,0,0,0,0,0,0,0,0,-169.507816,0.000000,0.000000,0.000000,0.000000,0.000000,0.000000,0.000000,0.000000,0.000000,68789,0,0,0,0,0,0,0,0,0
181,0,0,0,0,0,0,0,0,0,0,-163.937093,0.000000,0.000000,0.000000,0.000000,0.000000,0.000000,0.000000,0.000000,0.000000,1368,0,0,0,0,0,0,0,0,0
182,0,0,0,0,0,0,0,0,0,0,832.649926,1585.428818,1293.289100,0.000000,0.000000,0.000000,0.000000,0.000000,0.000000,0.000000,21720,19494,18985,0,0,0,0,0,0,0
183,0,0,0,0,0,0,0,0,0,0,22120.840181,18330.409534,13186.678368,0.000000,0.000000,0.000000,0.000000,0.000000,0.000000,0.000000,31411,29951,28773,0,0,0,0,0,0,0
184,0,0,0,0,0,0,0,0,0,0,-262.229935,-200.856116,0.000000,0.000000,0.000000,0.000000,0.000000,0.000000,0.000000,0.000000,51325,56691,0,0,0,0,0,0,0,0
185,0,0,0,0,0,0,0,0,0,0,5123.391510,6375.754560,0.000000,0.000000,0.000000,0.000000,0.000000,0.000000,0.000000,0.000000,27772,25606,0,0,0,0,0,0,0,0
186,0,0,0,0,0,0,0,0,0,0,305.692690,1511.747273,0.000000,0.000000,0.000000,0.000000,0.000000,0.000000,0.000000,0.000000,17180,19088,0,0,0,0,0,0,0,0
187,0,0,0,0,0,0,0,0,0,0,4650.305549,3203.067340,0.000000,0.000000,0.000000,0.000000,0.000000,0.000000,0.000000,0.000000,21725,19903,0,0,0,0,0,0,0,0
188,0,0,0,0,0,0,0,0,0,0,-199.455375,50.841077,0.000000,0.000000,0.000000,0.000000,0.000000,0.000000,0.000000,0.000000,58463,66173,0,0,0,0,0,0,0,0
189,0,0,0,0,0,0,0,0,0,0,5933.435313,15373.314911,8928.140673,6042.884927,0.000000,0.000000,0.000000,0.000000,0.000000,0.000000,21683,26842,21810,21571,0,0,0,0,0,0
190,0,0,0,0,0,0,0,0,0,0,1699.981575,883.375001,1110.305492,1886.460413,0.000000,0.000000,0.000000,0.000000,0.000000,0.000000,31862,34026,32074,38519,0,0,0,0,0,0
191,0,0,0,0,0,0,0,0,0,0,67.025425,506.499330,-10.034829,0.000000,0.000000,0.000000,0.000000,0.000000,0.000000,0.000000,50025,50819,57537,0,0,0,0,0,0,0
192,0,0,0,0,0,0,0,0,0,0,4101.594210,1915.768597,1748.350900,0.000000,0.000000,0.000000,0.000000,0.000000,0.000000,0.000000,41942,34097,33559,0,0,0,0,0,0,0
193,0,0,0,0,0,0,0,0,0,0,38.986087,59.326395,488.065372,0.000000,0.000000,0.000000,0.000000,0.000000,0.000000,0.000000,40579,46218,41763,0,0,0,0,0,0,0
194,0,0,0,0,0,0,0,0,0,0,4449.892803,9555.850863,0.000000,0.000000,0.000000,0.000000,0.000000,0.000000,0.000000,0.000000,22216,24913,0,0,0,0,0,0,0,0
195,0,0,0,0,0,0,0,0,0,0,-306.159627,-219.063753,101.849700,0.000000,0.000000,0.000000,0.000000,0.000000,0.000000,0.000000,40377,46724,40059,0,0,0,0,0,0,0
196,0,0,0,0,0,0,0,0,0,0,-100.941664,115.440018,0.000000,0.000000,0.000000,0.000000,0.000000,0.000000,0.000000,0.000000,69930,62315,0,0,0,0,0,0,0,0
197,0,0,0,0,0,0,0,0,0,0,9270.569011,18632.541180,7841.488670,0.000000,0.000000,0.000000,0.000000,0.000000,0.000000,0.000000,22535,26938,22972,0,0,0,0,0,0,0
198,0,0,0,0,0,0,0,0,0,0,-154.327169,424.365493,0.000000,0.000000,0.000000,0.000000,0.000000,0.000000,0.000000,0.000000,26657,29442,0,0,0,0,0,0,0,0
199,0,0,0,0,0,0,0,0,0,0,-236.945566,376.468081,-213.246214,0.000000,0.000000,0.000000,0.000000,0.000000,0.000000,0.000000,1500,1639,1391,0,0,0,0,0,0,0
200,0,0,0,0,0,0,0,0,0,0,1529.396693,907.169474,0.000000,0.000000,0.000000,0.000000,0.000000,0.000000,0.000000,0.000000,23994,21863,0,0,0,0,0,0,0,0
201,0,0,0,0,0,0,0,0,0,0,1869.125003,604.807446,670.221816,0.000000,0.000000,0.000000,0.000000,0.000000,0.000000,0.000000,40181,34807,35025,0,0,0,0,0,0,0
202,0,0,0,0,0,0,0,0,0,0,-119.180463,214.997178,0.000000,0.000000,0.000000,0.000000,0.000000,0.000000,0.000000,0.000000,48353,44141,0,0,0,0,0,0,0,0
203,0,0,0,0,0,0,0,0,0,0,-436.305850,0.000000,0.000000,0.000000,0.000000,0.000000,0.000000,0.000000,0.000000,0.000000,844,0,0,0,0,0,0,0,0,0
204,0,0,0,0,0,0,0,0,0,0,-201.800186,-267.671194,0.000000,0.000000,0.000000,0.000000,0.000000,0.000000,0.000000,0.000000,48784,42971,0,0,0,0,0,0,0,0
205,0,0,0,0,0,0,0,0,0,0,1618.971480,1006.819605,0.000000,0.000000,0.000000,0.000000,0.000000,0.000000,0.000000,0.000000,44996,42385,0,0,0,0,0,0,0,0
206,0,0,0,0,0,0,0,0,0,0,-73.633722,-201.961256,-227.759968,0.000000,0.000000,0.000000,0.000000,0.000000,0.000000,0.000000,57861,68731,57821,0,0,0,0,0,0,0
207,0,0,0,0,0,0,0,0,0,0,19877.694994,10392.593010,0.000000,0.000000,0.000000,0.000000,0.000000,0.000000,0.000000,0.000000,26769,24153,0,0,0,0,0,0,0,0
208,0,0,0,0,0,0,0,0,0,0,17337.181385,20440.757053,12665.448515,0.000000,0.000000,0.000000,0.000000,0.000000,0.000000,0.000000,31620,36424,31715,0,0,0,0,0,0,0
209,0,0,0,0,0,0,0,0,0,0,1598.210020,2157.382898,6616.898915,0.000000,0.000000,0.000000,0.000000,0.000000,0.000000,0.000000,17506,16772,19896,0,0,0,0,0,0,0
210,0,0,0,0,0,0,0,0,0,0,7199.307351,6281.997562,13173.149072,0.000000,0.000000,0.000000,0.000000,0.000000,0.000000,0.000000,23583,23336,26990,0,0,0,0,0,0,0
211,0,0,0,0,0,0,0,0,0,0,6103.096897,1929.827314,1828.311302,0.000000,0.000000,0.000000,0.000000,0.000000,0.000000,0.000000,21689,18646,18768,0,0,0,0,0,0,0
212,0,0,0,0,0,0,0,0,0,0,2520.695093,936.862125,0.000000,0.000000,0.000000,0.000000,0.000000,0.000000,0.000000,0.000000,25901,23932,0,0,0,0,0,0,0,0
213,0,0,0,0,0,0,0,0,0,0,885.116107,1563.242090,0.000000,0.000000,0.000000,0.000000,0.000000,0.000000,0.000000,0.000000,49065,48189,0,0,0,0,0,0,0,0
214,0,0,0,0,0,0,0,0,0,0,491.200134,3500.737247,0.000000,0.000000,0.000000,0.000000,0.000000,0.000000,0.000000,0.000000,16941,16242,0,0,0,0,0,0,0,0
215,0,0,0,0,0,0,0,0,0,0,634.371209,72.690609,0.000000,0.000000,0.000000,0.000000,0.000000,0.000000,0.000000,0.000000,51053,53791,0,0,0,0,0,0,0,0
216,0,0,0,0,0,0,0,0,0,0,17531.246798,8652.589471,9341.920356,0.000000,0.000000,0.000000,0.000000,0.000000,0.000000,0.000000,28070,24173,24215,0,0,0,0,0,0,0
217,0,0,0,0,0,0,0,0,0,0,3424.195675,6159.369958,0.000000,0.000000,0.000000,0.000000,0.000000,0.000000,0.000000,0.000000,22145,24970,0,0,0,0,0,0,0,0
218,0,0,0,0,0,0,0,0,0,0,275.169880,1613.645029,0.000000,0.000000,0.000000,0.000000,0.000000,0.000000,0.000000,0.000000,17841,15961,0,0,0,0,0,0,0,0
219,0,0,0,0,0,0,0,0,0,0,3376.943941,0.000000,0.000000,0.000000,0.000000,0.000000,0.000000,0.000000,0.000000,0.000000,16335,0,0,0,0,0,0,0,0,0
220,0,0,0,0,0,0,0,0,0,0,12724.848846,7150.621409,6291.534693,0.000000,0.000000,0.000000,0.000000,0.000000,0.000000,0.000000,32153,27134,26658,0,0,0,0,0,0,0
221,0,0,0,0,0,0,0,0,0,0,2654.370841,7326.970773,5644.063037,0.000000,0.000000,0.000000,0.000000,0.000000,0.000000,0.000000,3042,3698,3187,0,0,0,0,0,0,0
222,0,0,0,0,0,0,0,0,0,0,-251.807302,-304.516140,-649.465644,713.638087,0.000000,0.000000,0.000000,0.000000,0.000000,0.000000,1223,1235,1170,1447,0,0,0,0,0,0
223,0,0,0,0,0,0,0,0,0,0,-645.761373,-460.616574,0.000000,0.000000,0.000000,0.000000,0.000000,0.000000,0.000000,0.000000,914,1015,0,0,0,0,0,0,0,0
224,0,0,0,0,0,0,0,0,0,0,-280.990042,-95.287815,-203.933777,0.000000,0.000000,0.000000,0.000000,0.000000,0.000000,0.000000,1265,1433,1232,0,0,0,0,0,0,0
225,0,0,0,0,0,0,0,0,0,0,-605.213902,0.000000,0.000000,0.000000,0.000000,0.000000,0.000000,0.000000,0.000000,0.000000,864,0,0,0,0,0,0,0,0,0
226,0,0,0,0,0,0,0,0,0,0,-408.355965,-263.252484,-226.781243,0.000000,0.000000,0.000000,0.000000,0.000000,0.000000,0.000000,1038,1113,1236,0,0,0,0,0,0,0
227,0,0,0,0,0,0,0,0,0,0,-308.852023,-540.934584,0.000000,0.000000,0.000000,0.000000,0.000000,0.000000,0.000000,0.000000,956,1117,0,0,0,0,0,0,0,0
228,0,0,0,0,0,0,0,0,0,0,6490.614117,9845.961866,0.000000,0.000000,0.000000,0.000000,0.000000,0.000000,0.000000,0.000000,4075,4655,0,0,0,0,0,0,0,0
229,0,0,0,0,0,0,0,0,0,0,490.341188,3842.121765,126.440299,0.000000,0.000000,0.000000,0.000000,0.000000,0.000000,0.000000,1952,2100,1956,0,0,0,0,0,0,0
230,0,0,0,0,0,0,0,0,0,0,3737.991768,0.000000,0.000000,0.000000,0.000000,0.000000,0.000000,0.000000,0.000000,0.000000,2783,0,0,0,0,0,0,0,0,0
231,0,0,0,0,0,0,0,0,0,0,-397.948062,-477.325959,-327.844044,0.000000,0.000000,0.000000,0.000000,0.000000,0.000000,0.000000,920,873,927,0,0,0,0,0,0,0
232,0,0,0,0,0,0,0,0,0,0,-48.228773,1506.304291,0.000000,0.000000,0.000000,0.000000,0.000000,0.000000,0.000000,0.000000,1785,1770,0,0,0,0,0,0,0,0
233,0,0,0,0,0,0,0,0,0,0,67.327372,0.000000,0.000000,0.000000,0.000000,0.000000,0.000000,0.000000,0.000000,0.000000,57823,0,0,0,0,0,0,0,0,0
234,0,0,0,0,0,0,0,0,0,0,51.981859,0.000000,0.000000,0.000000,0.000000,0.000000,0.000000,0.000000,0.000000,0.000000,27858,0,0,0,0,0,0,0,0,0
235,0,0,0,0,0,0,0,0,0,0,1682.697640,0.000000,0.000000,0.000000,0.000000,0.000000,0.000000,0.000000,0.000000,0.000000,43040,0,0,0,0,0,0,0,0,0
236,0,0,0,0,0,0,0,0,0,0,993.502430,0.000000,0.000000,0.000000,0.000000,0.000000,0.000000,0.000000,0.000000,0.000000,31721,0,0,0,0,0,0,0,0,0
237,0,0,0,0,0,0,0,0,0,0,-389.853638,0.000000,0.000000,0.000000,0.000000,0.000000,0.000000,0.000000,0.000000,0.000000,914,0,0,0,0,0,0,0,0,0
238,0,0,0,0,0,0,0,0,0,0,0.000000,0.000000,0.000000,0.000000,0.000000,0.000000,0.000000,0.000000,0.000000,0.000000,0,0,0,0,0,0,0,0,0,0
239,0,0,0,0,0,0,0,0,0,0,200.455478,0.000000,0.000000,0.000000,0.000000,0.000000,0.000000,0.000000,0.000000,0.000000,50682,0,0,0,0,0,0,0,0,0
240,0,0,0,0,0,0,0,0,0,0,418.475186,0.000000,0.000000,0.000000,0.000000,0.000000,0.000000,0.000000,0.000000,0.000000,31410,0,0,0,0,0,0,0,0,0
188,0,1,0,0,0,0,0,0,0,0,-300.157069,-234.611655,0.000000,0.000000,0.000000,0.000000,0.000000,0.000000,0.000000,0.000000,363,484,0,0,0,0,0,0,0,0
175,1,0,0,0,0,0,0,0,0,0,-239.151843,-290.624130,0.000000,0.000000,0.000000,0.000000,0.000000,0.000000,0.000000,0.000000,413,356,0,0,0,0,0,0,0,0
25,0,0,1,0,0,0,0,0,0,0,57.873440,-84.713756,-58.325115,0.000000,0.000000,0.000000,0.000000,0.000000,0.000000,0.000000,18,24,33,0,0,0,0,0,0,0
205,1,0,0,0,0,0,0,0,0,0,8.145415,-161.219478,0.000000,0.000000,0.000000,0.000000,0.000000,0.000000,0.000000,0.000000,51,34,0,0,0,0,0,0,0,0
187,0,1,0,0,0,0,0,0,0,0,-10.641911,0.500000,0.000000,0.000000,0.000000,0.000000,0.000000,0.000000,0.000000,0.000000,2,1,0,0,0,0,0,0,0,0
179,0,0,1,0,0,0,0,0,0,0,0.500000,-16.170556,0.500000,0.000000,0.000000,0.000000,0.000000,0.000000,0.000000,0.000000,1,2,1,0,0,0,0,0,0,0
169,1,0,0,0,0,0,0,0,0,0,-16.256635,-12.991833,0.000000,0.000000,0.000000,0.000000,0.000000,0.000000,0.000000,0.000000,2,2,0,0,0,0,0,0,0,0
143,1,0,0,0,0,0,0,0,0,0,2255.295589,679.079576,0.000000,0.000000,0.000000,0.000000,0.000000,0.000000,0.000000,0.000000,85,39,0,0,0,0,0,0,0,0
51,0,0,1,0,0,0,0,0,0,0,4090.046659,351.578493,667.418903,714.179496,0.000000,0.000000,0.000000,0.000000,0.000000,0.000000,93,36,49,35,0,0,0,0,0,0
124,0,1,0,0,0,0,0,0,0,0,-352.463548,-277.126021,0.000000,0.000000,0.000000,0.000000,0.000000,0.000000,0.000000,0.000000,59,100,0,0,0,0,0,0,0,0
196,1,0,0,0,0,0,0,0,0,0,-279.945319,-309.047583,0.000000,0.000000,0.000000,0.000000,0.000000,0.000000,0.000000,0.000000,73,65,0,0,0,0,0,0,0,0
180,1,0,0,0,0,0,0,0,0,0,-261.903596,0.000000,0.000000,0.000000,0.000000,0.000000,0.000000,0.000000,0.000000,0.000000,148,0,0,0,0,0,0,0,0,0
166,1,0,0,0,0,0,0,0,0,0,-252.051595,-293.654782,-330.800641,0.000000,0.000000,0.000000,0.000000,0.000000,0.000000,0.000000,119,72,72,0,0,0,0,0,0,0
206,0,1,0,0,0,0,0,0,0,0,-303.792695,-263.983814,-302.903884,0.000000,0.000000,0.000000,0.000000,0.000000,0.000000,0.000000,102,167,88,0,0,0,0,0,0,0
147,1,0,0,0,0,0,0,0,0,0,-272.129569,0.000000,0.000000,0.000000,0.000000,0.000000,0.000000,0.000000,0.000000,0.000000,203,0,0,0,0,0,0,0,0,0
123,0,0,1,0,0,0,0,0,0,0,-16.674442,-35.298545,0.500000,0.000000,0.000000,0.000000,0.000000,0.000000,0.000000,0.000000,2,3,1,0,0,0,0,0,0,0
51,1,0,0,0,0,0,0,0,0,0,5108.306721,2142.047471,2232.276651,2167.664105,0.000000,0.000000,0.000000,0.000000,0.000000,0.000000,516,149,144,138,0,0,0,0,0,0
78,0,0,1,0,0,0,0,0,0,0,5227.859610,4863.064040,2905.073531,8035.164695,0.000000,0.000000,0.000000,0.000000,0.000000,0.000000,253,124,116,250,0,0,0,0,0,0
78,0,0,0,1,0,0,0,0,0,0,4549.181858,4324.948074,1988.779942,7928.203017,0.000000,0.000000,0.000000,0.000000,0.000000,0.000000,41,49,33,94,0,0,0,0,0,0
76,1,0,0,0,0,0,0,0,0,0,3999.882515,4780.975872,12250.976586,0.000000,0.000000,0.000000,0.000000,0.000000,0.000000,0.000000,50,52,122,0,0,0,0,0,0,0
61,0,1,0,0,0,0,0,0,0,0,12136.525313,22189.974426,13134.397932,0.000000,0.000000,0.000000,0.000000,0.000000,0.000000,0.000000,322,1000,321,0,0,0,0,0,0,0
68,0,1,0,0,0,0,0,0,0,0,32781.896180,18265.542943,0.000000,0.000000,0.000000,0.000000,0.000000,0.000000,0.000000,0.000000,898,423,0,0,0,0,0,0,0,0
68,1,0,0,0,0,0,0,0,0,0,26620.372851,14554.888586,0.000000,0.000000,0.000000,0.000000,0.000000,0.000000,0.000000,0.000000,361,225,0,0,0,0,0,0,0,0
18,0,1,0,0,0,0,0,0,0,0,21616.129184,17317.921563,37623.471995,0.000000,0.000000,0.000000,0.000000,0.000000,0.000000,0.000000,202,174,416,0,0,0,0,0,0,0
18,1,0,0,0,0,0,0,0,0,0,4019.551058,2736.340488,23804.261301,0.000000,0.000000,0.000000,0.000000,0.000000,0.000000,0.000000,10,13,25,0,0,0,0,0,0,0
58,0,0,1,0,0,0,0,0,0,0,4631.360961,9370.207380,6632.580183,0.000000,0.000000,0.000000,0.000000,0.000000,0.000000,0.000000,12,27,10,0,0,0,0,0,0,0
84,0,1,0,0,0,0,0,0,0,0,30589.771169,55112.858672,0.000000,0.000000,0.000000,0.000000,0.000000,0.000000,0.000000,0.000000,183,419,0,0,0,0,0,0,0,0
72,1,0,0,0,0,0,0,0,0,0,39767.951708,65436.449026,0.000000,0.000000,0.000000,0.000000,0.000000,0.000000,0.000000,0.000000,349,766,0,0,0,0,0,0,0,0
18,0,0,1,0,0,0,0,0,0,0,27105.259750,27239.412446,41706.704916,0.000000,0.000000,0.000000,0.000000,0.000000,0.000000,0.000000,282,277,1020,0,0,0,0,0,0,0
84,1,0,0,0,0,0,0,0,0,0,31347.840946,56407.042717,0.000000,0.000000,0.000000,0.000000,0.000000,0.000000,0.000000,0.000000,299,710,0,0,0,0,0,0,0,0
72,0,1,0,0,0,0,0,0,0,0,38167.285627,70335.350994,0.000000,0.000000,0.000000,0.000000,0.000000,0.000000,0.000000,0.000000,62,163,0,0,0,0,0,0,0,0
64,1,0,0,0,0,0,0,0,0,0,47991.739237,89924.079902,49309.209895,0.000000,0.000000,0.000000,0.000000,0.000000,0.000000,0.000000,65,227,70,0,0,0,0,0,0,0
18,1,1,0,0,0,0,0,0,0,0,2874.767681,2855.183166,0.500000,0.000000,0.000000,0.000000,0.000000,0.000000,0.000000,0.000000,6,6,1,0,0,0,0,0,0,0
51,1,0,1,0,0,0,0,0,0,0,17.516642,76.319905,115.489458,396.840735,0.000000,0.000000,0.000000,0.000000,0.000000,0.000000,5,2,5,5,0,0,0,0,0,0
63,1,0,0,0,0,0,0,0,0,0,4422.994062,4775.090383,4203.665254,10362.557122,9734.941010,0.000000,0.000000,0.000000,0.000000,0.000000,38,36,29,126,30,0,0,0,0,0
76,0,0,1,0,0,0,0,0,0,0,2681.779059,3288.491303,7556.296352,0.000000,0.000000,0.000000,0.000000,0.000000,0.000000,0.000000,35,35,100,0,0,0,0,0,0,0
61,1,0,0,0,0,0,0,0,0,0,10219.938057,25052.444928,12706.820256,0.000000,0.000000,0.000000,0.000000,0.000000,0.000000,0.000000,68,262,76,0,0,0,0,0,0,0
63,0,0,0,0,1,0,0,0,0,0,6578.852948,7879.869404,8187.456409,11743.266163,17468.758319,0.000000,0.000000,0.000000,0.000000,0.000000,65,69,69,248,209,0,0,0,0,0
62,0,0,0,1,0,0,0,0,0,0,672.848719,184.003896,326.536622,848.700611,0.000000,0.000000,0.000000,0.000000,0.000000,0.000000,10,4,6,7,0,0,0,0,0,0
78,0,1,1,0,0,0,0,0,0,0,599.553891,295.443624,277.018901,637.675379,0.000000,0.000000,0.000000,0.000000,0.000000,0.000000,4,3,4,4,0,0,0,0,0,0
185,1,0,0,0,0,0,0,0,0,0,147.393658,194.448417,0.000000,0.000000,0.000000,0.000000,0.000000,0.000000,0.000000,0.000000,2,3,0,0,0,0,0,0,0,0
68,1,1,0,0,0,0,0,0,0,0,32936.730071,13668.085871,0.000000,0.000000,0.000000,0.000000,0.000000,0.000000,0.000000,0.000000,144,67,0,0,0,0,0,0,0,0
18,0,1,1,0,0,0,0,0,0,0,18760.376493,15181.696332,39057.649506,0.000000,0.000000,0.000000,0.000000,0.000000,0.000000,0.000000,72,55,112,0,0,0,0,0,0,0
84,1,1,0,0,0,0,0,0,0,0,30616.390132,52643.616044,0.000000,0.000000,0.000000,0.000000,0.000000,0.000000,0.000000,0.000000,150,502,0,0,0,0,0,0,0,0
54,0,1,0,0,0,0,0,0,0,0,-0.352500,345.450977,0.000000,0.000000,0.000000,0.000000,0.000000,0.000000,0.000000,0.000000,2,2,0,0,0,0,0,0,0,0
75,0,1,0,0,0,0,0,0,0,0,1316.139291,939.174157,0.000000,0.000000,0.000000,0.000000,0.000000,0.000000,0.000000,0.000000,3,5,0,0,0,0,0,0,0,0
63,0,0,0,1,0,0,0,0,0,0,638.846373,1579.508562,1666.701349,1994.475866,2656.528709,0.000000,0.000000,0.000000,0.000000,0.000000,4,7,7,6,7,0,0,0,0,0
54,1,1,0,0,0,0,0,0,0,0,-0.652500,0.500000,0.000000,0.000000,0.000000,0.000000,0.000000,0.000000,0.000000,0.000000,2,1,0,0,0,0,0,0,0,0
54,1,0,0,0,0,0,0,0,0,0,3113.425698,4155.939936,0.000000,0.000000,0.000000,0.000000,0.000000,0.000000,0.000000,0.000000,12,11,0,0,0,0,0,0,0,0
72,1,1,0,0,0,0,0,0,0,0,31424.260973,52770.840785,0.000000,0.000000,0.000000,0.000000,0.000000,0.000000,0.000000,0.000000,25,73,0,0,0,0,0,0,0,0
18,1,1,1,0,0,0,0,0,0,0,2273.872248,3082.715061,7121.040326,0.000000,0.000000,0.000000,0.000000,0.000000,0.000000,0.000000,5,4,5,0,0,0,0,0,0,0
18,1,0,1,0,0,0,0,0,0,0,5909.448064,5514.943536,15033.875589,0.000000,0.000000,0.000000,0.000000,0.000000,0.000000,0.000000,10,8,11,0,0,0,0,0,0,0
64,0,1,0,0,0,0,0,0,0,0,8002.541460,30273.815850,48153.111788,0.000000,0.000000,0.000000,0.000000,0.000000,0.000000,0.000000,5,9,50,0,0,0,0,0,0,0
78,0,0,1,1,0,0,0,0,0,0,1751.687105,4005.334937,1137.143346,1327.596121,0.000000,0.000000,0.000000,0.000000,0.000000,0.000000,9,33,10,8,0,0,0,0,0,0
51,0,1,0,0,0,0,0,0,0,0,1682.966107,384.695667,531.270194,566.875201,0.000000,0.000000,0.000000,0.000000,0.000000,0.000000,11,5,6,7,0,0,0,0,0,0
82,0,0,1,0,0,0,0,0,0,0,780.725426,824.776441,853.138151,0.000000,0.000000,0.000000,0.000000,0.000000,0.000000,0.000000,2,2,2,0,0,0,0,0,0,0
61,1,1,0,0,0,0,0,0,0,0,5654.551968,13249.397962,3632.499287,0.000000,0.000000,0.000000,0.000000,0.000000,0.000000,0.000000,14,32,9,0,0,0,0,0,0,0
1,0,0,1,0,0,0,0,0,0,0,21673.215852,20690.734856,30157.403883,17000.128065,0.000000,0.000000,0.000000,0.000000,0.000000,0.000000,17,17,9,8,0,0,0,0,0,0
33,0,1,0,0,0,0,0,0,0,0,20559.315672,47979.569683,19259.770875,0.000000,0.000000,0.000000,0.000000,0.000000,0.000000,0.000000,10,16,9,0,0,0,0,0,0,0
