498669.576885,4230267.304807,498706.511000,4230265.426000,1.183,-0.060,193,117,193,189,0
498613.628981,4230255.726811,498566.459000,4230281.095000,-1.057,0.568,194,118,122,466,0
498585.074063,4230123.176304,498591.641000,4230119.316000,1.025,-0.602,110,62,51,349,0
498613.604971,4230255.739724,498641.994000,4230240.472000,1.041,-0.560,194,122,118,427,0
498281.563077,4230147.031500,498261.198000,4230138.798000,-1.094,-0.442,223,154,135,217,0
498526.647688,4230157.521629,498591.641000,4230119.316000,1.020,-0.599,110,62,51,589,0
498425.055725,4229924.813353,498429.662000,4229922.399000,1.059,-0.555,246,150,156,442,0
498694.593042,4230266.032256,498651.802000,4230268.209000,-1.192,0.061,193,193,117,491,0
498048.254503,4229687.464014,498086.126000,4229762.585000,0.536,1.063,245,164,148,483,0
498238.341000,4230492.864000,498238.341000,4230492.864000,0.000,0.000,-1,149,149,451,1
498484.479331,4230207.732693,498474.531000,4230189.573000,-0.572,-1.044,151,78,139,753,0
498579.183628,4229932.240653,498564.205000,4229909.503000,-0.650,-0.986,241,145,215,191,0
498682.235454,4230334.465635,498698.912000,4230368.950000,0.522,1.079,232,140,202,264,0
498598.275668,4230130.560279,498612.393000,4230154.486000,0.603,1.022,131,167,62,837,0
498222.834428,4229706.972807,498086.126000,4229762.585000,-1.102,0.448,264,164,209,528,0
498376.125023,4229931.697605,498337.734000,4229856.842000,-0.541,-1.055,256,160,156,481,0
498338.814806,4230415.546451,498354.309000,4230436.474000,0.708,0.956,125,173,58,293,0
498651.885296,4230236.021107,498641.994000,4230240.472000,-1.077,0.485,204,122,240,314,0
498489.918288,4230300.273351,498499.765000,4230319.054000,0.551,1.051,191,116,220,334,0
498220.125541,4230120.735478,498179.169000,4230099.981000,-1.057,-0.536,226,176,137,487,0
498476.762000,4229950.129000,498528.159000,4230017.692000,0.720,0.947,206,172,123,162,0
498342.049093,4230171.485695,498261.198000,4230138.798000,-1.099,-0.445,223,154,135,242,0
498582.345231,4230124.780419,498505.165000,4230170.150000,-1.033,0.607,110,51,62,916,0
498516.595533,4229817.750031,498540.212000,4229865.125000,0.531,1.065,208,124,171,641,0
498696.519362,4230137.156143,498699.927000,4230151.697000,0.270,1.152,70,157,25,430,0
498540.476928,4230374.556495,498543.532000,4230316.272000,0.063,-1.195,201,121,217,358,0
498569.666892,4230286.965824,498566.459000,4230281.095000,-0.568,-1.039,196,118,198,209,0
498555.277178,4229912.906479,498564.205000,4229909.503000,0.549,-0.209,242,145,233,488,0
498645.753034,4230564.977266,498655.177000,4230560.357000,1.067,-0.523,311,232,229,129,0
498410.115406,4230074.470795,498448.350000,4230143.420000,0.577,1.041,230,138,211,279,0
498238.341000,4230492.864000,498238.341000,4230492.864000,0.000,0.000,-1,149,149,382,1
498295.267003,4230390.865152,498249.267000,4230420.740000,-0.998,0.648,54,84,18,455,0
498479.371712,4230467.634981,498488.849000,4230453.091000,0.650,-0.997,289,189,207,341,0
498618.381558,4230103.702222,498680.218000,4230067.596000,1.026,-0.599,69,25,62,276,0
498466.439413,4229944.051604,498429.662000,4229922.399000,-1.033,-0.608,205,150,123,768,0
498561.704412,4230349.927980,498594.930000,4230411.463000,0.567,1.050,199,120,121,463,0
498298.357976,4230119.839521,498261.198000,4230138.798000,-1.060,0.541,238,154,144,308,0
498525.585537,4230205.645587,498539.139000,4230229.394000,0.590,1.034,185,113,192,389,0
498186.746174,4230089.218989,498179.169000,4230099.981000,-0.688,0.977,218,176,129,139,0
498530.260221,4230213.836580,498539.139000,4230229.394000,0.585,1.025,185,113,192,390,0
498499.568058,4230463.045046,498488.849000,4230453.091000,-0.873,-0.811,267,189,165,386,0
498592.695152,4229989.879864,498614.551000,4229980.617000,1.089,-0.461,188,130,115,437,0
498211.713795,4230252.706055,498226.207000,4230242.327000,0.974,-0.698,60,21,66,803,0
498764.808361,4230356.127515,498795.192000,4230330.988000,0.835,-0.691,270,166,206,906,0
498506.498101,4229797.607195,498498.616000,4229781.915000,-0.530,-1.056,277,204,171,568,0
498330.955422,4229929.918318,498328.994000,4229926.191000,-0.555,-1.055,235,218,141,546,0
498638.091437,4230409.555999,498647.452000,4230426.212000,0.582,1.036,294,234,198,379,0
498494.697652,4230032.009062,498441.768000,4230054.656000,-1.000,0.428,278,201,172,346,0
498392.140956,4229942.065439,498429.662000,4229922.399000,1.054,-0.552,246,150,156,336,0
498671.982986,4230312.600927,498677.021000,4230323.683000,0.492,1.082,290,202,193,613,0
498037.232792,4230245.368311,498054.473000,4230278.428000,0.555,1.064,120,55,168,361,0
498789.273278,4230335.885169,498795.192000,4230330.988000,0.911,-0.754,270,166,206,597,0
498396.772443,4229939.637871,498383.709000,4229946.485000,-0.963,0.505,246,156,150,371,0
498404.256044,4229935.715385,498429.662000,4229922.399000,0.879,-0.460,246,150,156,418,0
498333.191595,4229934.167748,498328.994000,4229926.191000,-0.552,-1.050,235,218,141,386,0
498757.886947,4230259.317910,498766.736000,4230275.514000,0.567,1.039,281,175,191,301,0
498450.330497,4230224.581343,498508.506000,4230251.591000,1.074,0.499,150,139,76,570,0
498168.539072,4230139.836367,498233.885000,4230127.708000,1.170,-0.217,181,137,112,56,0
498612.446929,4230223.467880,498550.085000,4230251.583000,-1.093,0.493,253,174,155,371,0
498765.954150,4230355.179486,498741.541000,4230375.379000,-0.912,0.755,270,206,166,111,0
498553.812485,4229913.464852,498564.205000,4229909.503000,1.099,-0.419,242,145,233,365,0
498410.240515,4229995.916450,498383.709000,4229946.485000,-0.564,-1.052,257,156,201,496,0
498548.447491,4230144.706847,498505.165000,4230170.150000,-1.028,0.604,110,51,62,359,0
498607.283324,4230354.736647,498586.161000,4230317.152000,-0.586,-1.043,294,198,234,484,0
498465.153487,4230097.548922,498441.768000,4230054.656000,-0.568,-1.042,212,201,125,320,0
498555.204456,4229912.934202,498564.205000,4229909.503000,0.539,-0.206,242,145,233,436,0
498418.711192,4229821.662660,498337.734000,4229856.842000,-1.091,0.474,261,160,195,179,0
497997.772727,4230007.492109,497982.184000,4229979.862000,-0.584,-1.035,186,114,183,460,0
498418.304895,4229821.839170,498423.077000,4229819.766000,1.085,-0.471,261,195,160,363,0
498577.227962,4230173.565406,498612.393000,4230154.486000,1.053,-0.571,272,167,192,248,0
498408.718079,4230268.099358,498253.621000,4230315.331000,-1.138,0.347,128,61,63,760,0
498262.448421,4230312.642790,498253.621000,4230315.331000,-1.137,0.346,128,61,63,740,0
498593.554451,4230164.707184,498523.816000,4230202.545000,-1.047,0.568,272,192,167,489,0
498589.648072,4229948.125744,498564.205000,4229909.503000,-0.655,-0.994,241,145,215,552,0
498426.566996,4230026.334676,498383.709000,4229946.485000,-0.566,-1.054,257,156,201,212,0
498555.139799,4230185.549725,498612.393000,4230154.486000,1.051,-0.570,272,167,192,522,0
498667.422026,4230200.250852,498682.427000,4230194.196000,1.099,-0.443,255,236,155,866,0
498769.975000,4230281.061000,498766.736000,4230275.514000,-0.600,-1.028,280,175,188,323,0
498642.156815,4230089.819878,498591.641000,4230119.316000,-1.031,0.602,69,62,25,428,0
498739.635291,4230227.266713,498725.146000,4230203.399000,-0.616,-1.015,263,162,191,475,0
498561.950091,4229905.310986,498546.779000,4229877.107000,-0.564,-1.048,240,196,145,270,0
498565.289362,4230001.494883,498614.551000,4229980.617000,1.090,-0.462,188,130,115,437,0
498448.222116,4230463.428469,498476.773000,4230471.623000,1.146,0.329,279,207,173,129,0
498585.043087,4229941.135349,498564.205000,4229909.503000,-0.657,-0.998,241,145,215,214,0
498582.654371,4230078.336803,498592.683000,4230071.272000,0.966,-0.680,275,235,170,294,0
498698.394456,4230145.157424,498699.927000,4230151.697000,0.271,1.158,70,157,25,261,0
498651.939223,4230235.996840,498641.994000,4230240.472000,-1.083,0.487,204,122,240,490,0
498543.347372,4229870.845728,498540.212000,4229865.125000,-0.572,-1.044,209,124,196,541,0
498545.945091,4230243.190854,498550.085000,4230251.583000,0.522,1.059,183,174,113,512,0
498416.323824,4229929.390128,498383.709000,4229946.485000,-1.053,0.552,246,156,150,518,0
498755.756072,4230363.617407,498741.541000,4230375.379000,-0.922,0.763,270,206,166,321,0
498670.560701,4230198.984324,498682.427000,4230194.196000,1.096,-0.442,255,236,155,454,0
498509.952761,4229993.759317,498476.762000,4229950.129000,-0.722,-0.949,206,123,172,392,0
498509.934335,4229813.958625,498513.941000,4229812.425000,1.118,-0.428,276,171,184,255,0
498805.484003,4230323.082101,498795.192000,4230330.988000,-0.849,0.653,268,166,180,195,0
498352.062080,4229850.617378,498337.734000,4229856.842000,-0.913,0.397,261,160,195,64,0
498345.400667,4229957.368819,498328.994000,4229926.191000,-0.554,-1.053,235,218,141,259,0
498584.372534,4230391.910182,498594.930000,4230411.463000,0.564,1.044,199,120,121,756,0
498436.721190,4230045.253177,498383.709000,4229946.485000,-0.561,-1.045,257,156,201,211,0
498402.926777,4229982.290062,498383.709000,4229946.485000,-0.561,-1.045,257,156,201,797,0
498647.538297,4230208.274394,498682.427000,4230194.196000,1.105,-0.446,255,236,155,665,0
498545.873299,4230243.045320,498539.139000,4230229.394000,-0.526,-1.067,183,113,174,697,0
498465.132739,4230097.510867,498481.085000,4230126.770000,0.572,1.050,212,125,201,552,0
498745.246081,4230389.086725,498747.059000,4230395.794000,0.308,1.140,243,147,206,444,0
498361.648899,4229903.471762,498383.709000,4229946.485000,0.546,1.065,256,156,160,376,0
498300.126580,4229864.805824,498328.994000,4229926.191000,0.510,1.085,301,218,214,309,0
498624.629779,4230100.053893,498591.641000,4230119.316000,-1.035,0.604,69,62,25,697,0
498507.038594,4230115.015271,498572.990000,4230085.145000,1.078,-0.488,211,170,125,315,0
498376.173819,4230186.788804,498371.763000,4230177.609000,-0.514,-1.069,134,163,63,450,0
498331.900608,4230004.696469,498324.634000,4230007.523000,-1.103,0.429,247,182,151,282,0
498755.363932,4230254.700131,498747.035000,4230239.456000,-0.566,-1.036,281,191,175,266,0
498083.021687,4230278.331795,498089.483000,4230259.890000,0.393,-1.121,32,11,131,176,0
498705.451946,4230163.506698,498714.201000,4230182.208000,0.502,1.073,250,152,157,399,0
498476.159140,4230236.573036,498440.661000,4230220.092000,-1.086,-0.504,150,76,139,816,0
498550.237452,4230095.449933,498481.085000,4230126.770000,-1.085,0.491,211,125,170,399,0
498588.513365,4230321.337752,498586.161000,4230317.152000,-0.583,-1.038,294,198,234,447,0
498544.913908,4230241.100507,498550.085000,4230251.583000,0.525,1.064,183,174,113,714,0
498347.408819,4230095.659772,498354.239000,4230092.510000,1.075,-0.496,239,169,144,52,0
498197.182931,4230263.112079,498183.585000,4230272.850000,-0.970,0.695,60,66,21,366,0
498741.490893,4230243.008968,498747.035000,4230239.456000,1.001,-0.642,192,191,117,267,0
498118.579158,4230374.455136,498143.077000,4230361.624000,1.059,-0.555,42,22,14,371,0
498494.967610,4230031.893555,498441.768000,4230054.656000,-1.003,0.429,278,201,172,187,0
498526.953888,4230200.842484,498612.393000,4230154.486000,1.046,-0.568,272,167,192,508,0
498403.521471,4229983.398050,498441.768000,4230054.656000,0.560,1.043,257,201,156,865,0
498140.962927,4230135.870809,498147.401000,4230134.163000,1.153,-0.306,154,81,216,300,0
498569.281367,4230076.377079,498563.182000,4230061.957000,-0.464,-1.096,274,213,170,379,0
497941.293247,4230098.355188,497920.941000,4230109.253000,-1.041,0.557,25,9,79,152,0
498462.422423,4230428.943607,498452.692000,4230420.699000,-0.908,-0.769,214,133,127,253,0
498756.204877,4230256.239281,498766.736000,4230275.514000,0.575,1.053,281,175,191,942,0
498756.487767,4230256.757044,498747.035000,4230239.456000,-0.568,-1.040,281,191,175,331,0
498348.807093,4230341.591773,498373.980000,4230318.080000,0.875,-0.818,124,82,58,582,0
498620.129310,4230220.004372,498550.085000,4230251.583000,-1.091,0.492,253,174,155,560,0
498501.682674,4229817.117099,498489.869000,4229821.639000,-1.115,0.427,276,184,171,642,0
498546.779000,4229877.107000,498540.212000,4229865.125000,-0.572,-1.044,209,124,196,327,0
498730.969822,4230373.784731,498698.912000,4230368.950000,-1.175,-0.177,233,140,206,231,0
498680.347498,4230266.756915,498651.802000,4230268.209000,-1.189,0.060,193,193,117,468,0
498577.052659,4230211.516343,498539.139000,4230229.394000,-1.083,0.511,184,113,190,730,0
498552.023581,4230187.240484,498612.393000,4230154.486000,1.038,-0.563,272,167,192,384,0
498523.501340,4229831.603179,498540.212000,4229865.125000,0.531,1.066,208,124,171,386,0
498565.898711,4230134.448331,498591.641000,4230119.316000,1.020,-0.599,110,62,51,121,0
498244.225051,4229746.451231,498225.039000,4229706.076000,-0.506,-1.066,299,209,214,339,0
498422.368641,4230268.825458,498483.303000,4230287.656000,1.137,0.351,135,220,63,712,0
498666.984639,4230075.322943,498680.218000,4230067.596000,1.030,-0.602,69,25,62,246,0
498148.601281,4229904.447784,498156.184000,4229878.074000,0.327,-1.136,293,210,197,468,0
498567.865312,4230361.338196,498543.532000,4230316.272000,-0.563,-1.043,199,121,120,518,0
498653.362063,4230271.640656,498651.802000,4230268.209000,-0.493,-1.086,290,193,202,274,0
498722.478493,4230372.504129,498741.541000,4230375.379000,1.172,0.177,233,206,140,720,0
498550.085000,4230251.583000,498539.139000,4230229.394000,-0.526,-1.067,183,113,174,379,0
498521.508529,4229827.605571,498513.941000,4229812.425000,-0.484,-0.971,208,171,124,93,0
498501.018126,4230248.114539,498508.506000,4230251.591000,1.087,0.505,150,139,76,190,0
498600.312407,4230134.012095,498591.641000,4230119.316000,-0.601,-1.018,131,62,167,47,0
498597.275531,4230128.865271,498591.641000,4230119.316000,-0.609,-1.032,131,62,167,341,0
498626.366906,4230191.046658,498625.529000,4230188.658000,-0.396,-1.128,254,190,155,28,0
498594.066458,4230203.493723,498625.529000,4230188.658000,1.084,-0.511,184,190,113,466,0
498426.296477,4229824.769745,498436.211000,4229840.179000,0.644,1.001,237,142,195,412,0
498637.923970,4230092.291431,498680.218000,4230067.596000,1.033,-0.603,69,25,62,144,0
498463.241059,4229830.839530,498489.869000,4229821.639000,1.125,-0.389,236,184,142,276,0
498586.511604,4230122.331261,498505.165000,4230170.150000,-1.026,0.603,110,51,62,569,0
498491.861450,4229969.977710,498528.159000,4230017.692000,0.722,0.949,206,172,123,321,0
498557.678923,4230248.159372,498634.286000,4230213.622000,1.085,-0.489,253,155,174,208,0
498693.283883,4230123.349909,498699.927000,4230151.697000,0.271,1.157,70,157,25,350,0
498657.372565,4230172.838085,498699.927000,4230151.697000,1.061,-0.527,258,157,190,189,0
498549.668854,4230018.895866,498546.715000,4230009.367000,-0.323,-1.043,189,115,136,329,0
498520.430746,4229825.443523,498540.212000,4229865.125000,0.485,0.973,208,124,171,446,0
498791.973034,4230324.614786,498769.975000,4230281.061000,-0.536,-1.062,269,188,166,561,0
498356.149549,4230177.186440,498364.061000,4230180.385000,1.100,0.445,223,135,154,69,0
498416.623078,4230086.206209,498407.807000,4230070.308000,-0.579,-1.043,230,211,138,565,0
498388.723603,4229943.856625,498383.709000,4229946.485000,-0.887,0.465,246,156,150,667,0
498469.554798,4229828.657996,498436.211000,4229840.179000,-1.132,0.391,236,142,184,320,0
498697.091944,4230139.599429,498699.927000,4230151.697000,0.273,1.167,70,157,25,350,0
498574.026574,4230240.789232,498550.085000,4230251.583000,-1.003,0.452,253,174,155,454,0
498517.824334,4229820.215023,498513.941000,4229812.425000,-0.530,-1.062,208,171,124,100,0
498324.416770,4229916.457740,498328.994000,4229926.191000,0.510,1.084,301,218,214,314,0
498554.036010,4229890.598226,498546.779000,4229877.107000,-0.566,-1.053,240,196,145,98,0
498697.920057,4230143.133098,498699.927000,4230151.697000,0.272,1.162,70,157,25,592,0
498533.076482,4229921.369866,498520.527000,4229926.154000,-1.114,0.425,242,233,145,277,0
498520.288776,4229825.158729,498540.212000,4229865.125000,0.528,1.060,208,124,171,108,0
498715.727690,4230185.163879,498714.201000,4230182.208000,-0.500,-0.969,251,152,162,308,0
498554.703674,4230259.907557,498566.459000,4230281.095000,0.577,1.041,195,118,174,359,0
498584.885113,4230235.893791,498634.286000,4230213.622000,1.082,-0.488,253,155,174,678,0
498565.499895,4230067.436951,498572.990000,4230085.145000,0.464,1.096,274,170,213,214,0
498685.050532,4230159.087644,498699.927000,4230151.697000,1.066,-0.530,258,157,190,842,0
498543.469710,4230317.460369,498539.170000,4230399.490000,-0.062,1.188,201,217,121,493,0
498278.700007,4230029.127138,498251.373000,4230038.939000,-1.120,0.402,198,119,212,414,0
498595.150896,4230163.841005,498612.393000,4230154.486000,1.042,-0.565,272,167,192,453,0
498652.123822,4230084.000155,498680.218000,4230067.596000,1.029,-0.601,69,25,62,106,0
498633.498195,4230211.376167,498625.529000,4230188.658000,-0.394,-1.123,254,190,155,305,0
498497.958247,4230156.682769,498501.925000,4230163.715000,0.580,1.029,210,143,125,397,0
498743.072778,4230232.929167,498747.035000,4230239.456000,0.617,1.016,263,191,162,243,0
498269.869061,4230134.374151,498261.198000,4230138.798000,-1.054,0.538,238,154,144,303,0
498197.376672,4230439.342958,498147.475000,4230455.936000,-1.123,0.373,50,16,64,408,0
498680.218000,4230067.596000,498699.927000,4230151.697000,0.272,1.159,70,157,25,276,0
498635.848831,4230405.565549,498586.161000,4230317.152000,-0.581,-1.033,294,198,234,255,0
498511.450365,4230166.455215,498505.165000,4230170.150000,-1.022,0.601,110,51,62,736,0
498442.191154,4229929.775506,498476.762000,4229950.129000,0.936,0.551,205,123,150,623,0
498258.749262,4229777.016061,498267.690000,4229795.831000,0.508,1.068,299,214,209,392,0
498409.447778,4229932.994168,498383.709000,4229946.485000,-1.048,0.549,246,156,150,447,0
498702.952586,4230158.164258,498714.201000,4230182.208000,0.504,1.078,250,152,157,20,0
498537.207385,4230101.351424,498481.085000,4230126.770000,-1.090,0.494,211,125,170,433,0
498592.669700,4230266.998789,498641.994000,4230240.472000,1.044,-0.561,194,122,118,284,0
498558.478042,4230220.274944,498625.529000,4230188.658000,1.072,-0.506,184,190,113,483,0
498409.964494,4229825.462534,498337.734000,4229856.842000,-1.093,0.475,261,160,195,842,0
498784.171176,4230340.106663,498741.541000,4230375.379000,-0.919,0.760,270,206,166,248,0
498718.609611,4230257.672547,498747.035000,4230239.456000,1.010,-0.647,192,191,117,1123,0
498534.126759,4229852.917919,498540.212000,4229865.125000,0.532,1.067,208,124,171,643,0
498198.566267,4229716.844954,498086.126000,4229762.585000,-1.101,0.448,264,164,209,571,0
498710.832130,4230262.656783,498706.511000,4230265.426000,-1.007,0.646,192,117,191,129,0
498238.341000,4230492.864000,498238.341000,4230492.864000,0.000,0.000,-1,149,149,232,1
498416.100041,4230454.208953,498354.309000,4230436.474000,-1.147,-0.329,279,173,207,704,0
498380.532151,4230326.622219,498452.692000,4230420.699000,0.728,0.949,155,133,82,232,0
498722.415556,4230198.112491,498714.201000,4230182.208000,-0.546,-1.057,251,152,162,152,0
498673.271866,4230164.939297,498625.529000,4230188.658000,-1.067,0.530,258,190,157,709,0
498669.831309,4230053.212838,498659.467000,4230037.974000,-0.668,-0.982,259,158,205,291,0
498252.492993,4230038.536862,498279.820000,4230028.725000,1.120,-0.402,198,212,119,30,0
498624.733447,4230217.928653,498634.286000,4230213.622000,1.091,-0.492,253,155,174,610,0
498787.152945,4230315.071519,498769.975000,4230281.061000,-0.536,-1.060,269,188,166,248,0
498644.803853,4230019.249400,498614.551000,4229980.617000,-0.739,-0.944,219,130,158,417,0
498057.757768,4230276.688696,498054.473000,4230278.428000,-1.045,0.553,30,55,11,138,0
498644.294594,4230179.335234,498625.529000,4230188.658000,-1.074,0.533,258,190,157,152,0
498300.541006,4230018.523491,498324.634000,4230007.523000,1.083,-0.494,287,182,200,475,0
498734.546754,4230247.459152,498747.035000,4230239.456000,0.999,-0.640,192,191,117,464,0
498558.650918,4230004.308364,498546.715000,4230009.367000,-1.091,0.462,188,115,130,877,0
498713.192471,4230180.052247,498699.927000,4230151.697000,-0.504,-1.078,250,157,152,292,0
498141.111482,4230403.135883,498147.462000,4230399.570000,1.035,-0.581,65,71,23,460,0
498691.153221,4230218.351293,498709.828000,4230209.948000,1.091,-0.491,204,240,122,336,0
498710.946687,4230370.764985,498698.912000,4230368.950000,-1.173,-0.177,233,140,206,141,0
498332.649201,4230192.227283,498364.061000,4230180.385000,0.932,-0.351,145,135,70,379,0
498426.131379,4230245.704117,498440.661000,4230220.092000,0.585,-1.032,133,76,63,736,0
498576.115393,4230239.847513,498634.286000,4230213.622000,1.078,-0.486,253,155,174,506,0
498192.916930,4230080.454540,498203.234000,4230065.801000,0.690,-0.980,218,129,176,927,0
498570.672105,4230079.665049,498563.182000,4230061.957000,-0.464,-1.096,274,213,170,412,0
498352.199589,4229850.557640,498337.734000,4229856.842000,-0.907,0.394,261,160,195,556,0
498372.529295,4230084.544098,498359.666000,4230089.735000,-1.095,0.442,285,179,211,310,0
498756.194849,4230256.220927,498766.736000,4230275.514000,0.574,1.051,281,175,191,499,0
498513.969216,4230434.286382,498488.849000,4230453.091000,-0.951,0.712,288,189,194,624,0
498698.840923,4230147.062560,498680.218000,4230067.596000,-0.272,-1.159,70,25,157,372,0
498645.793839,4230208.978322,498634.286000,4230213.622000,-1.112,0.449,255,155,236,544,0
498510.008399,4229993.832454,498476.762000,4229950.129000,-0.722,-0.950,206,123,172,59,0
498598.891049,4229960.471172,498614.551000,4229980.617000,0.728,0.936,220,130,215,318,0
498324.868927,4230106.314020,498261.198000,4230138.798000,-1.060,0.541,238,154,144,347,0
498570.453235,4230288.404924,498586.161000,4230317.152000,0.571,1.044,196,198,118,152,0
498628.339531,4230216.302894,498634.286000,4230213.622000,1.082,-0.488,253,155,174,543,0
498486.079666,4230135.624508,498481.085000,4230126.770000,-0.587,-1.040,210,125,143,141,0
498498.001165,4229978.048561,498476.762000,4229950.129000,-0.723,-0.950,206,123,172,260,0
498589.429196,4230166.945413,498523.816000,4230202.545000,-1.043,0.566,272,192,167,161,0
498554.320149,4230259.216303,498550.085000,4230251.583000,-0.577,-1.040,195,174,118,786,0
498631.830511,4230206.622021,498634.286000,4230213.622000,0.394,1.123,254,155,190,80,0
498435.567105,4229839.178251,498423.077000,4229819.766000,-0.644,-1.001,237,195,142,312,0
498332.074632,4230406.442698,498310.530000,4230377.343000,-0.587,-0.793,125,58,173,439,0
498505.326847,4230027.461162,498528.159000,4230017.692000,1.094,-0.468,278,172,201,679,0
498554.715088,4230035.097778,498563.182000,4230061.957000,0.358,1.135,225,213,136,492,0
498602.829686,4229965.538052,498591.612000,4229951.107000,-0.734,-0.945,220,215,130,645,0
498238.341000,4230492.864000,498238.341000,4230492.864000,0.000,0.000,-1,149,149,635,1
498588.338786,4229946.138241,498564.205000,4229909.503000,-0.655,-0.994,241,145,215,297,0
498252.340694,4230418.743780,498249.267000,4230420.740000,-1.006,0.653,54,84,18,447,0
498588.424142,4230269.282066,498641.994000,4230240.472000,1.053,-0.566,194,122,118,524,0
498728.851164,4230209.502389,498747.035000,4230239.456000,0.618,1.017,263,191,162,463,0
498579.681186,4229995.395394,498614.551000,4229980.617000,1.104,-0.468,188,130,115,552,0
498581.837530,4230309.239536,498586.161000,4230317.152000,0.573,1.048,196,198,118,379,0
498518.724530,4229822.020828,498540.212000,4229865.125000,0.532,1.066,208,124,171,377,0
498072.471653,4230150.440285,498042.437000,4230093.577000,-0.556,-1.052,68,24,216,542,0
498712.183943,4230177.896494,498699.927000,4230151.697000,-0.504,-1.078,250,157,152,640,0
498477.667196,4230120.501171,498441.768000,4230054.656000,-0.570,-1.045,212,201,125,300,0
498552.086595,4230255.190615,498550.085000,4230251.583000,-0.576,-1.037,195,174,118,436,0
498432.589156,4230037.554694,498441.768000,4230054.656000,0.561,1.045,257,201,156,805,0
498385.889409,4230275.051363,498253.621000,4230315.331000,-1.141,0.348,128,61,63,417,0
498763.574883,4230269.728326,498766.736000,4230275.514000,0.572,1.046,281,175,191,113,0
498583.460193,4230312.209202,498586.161000,4230317.152000,0.566,1.036,196,198,118,398,0
498593.896348,4230266.339093,498566.459000,4230281.095000,-1.049,0.564,194,118,122,202,0
498626.692077,4230217.045628,498550.085000,4230251.583000,-1.085,0.489,253,174,155,290,0
498366.389673,4229844.392968,498337.734000,4229856.842000,-1.086,0.472,261,160,195,257,0
498394.732689,4230046.226632,498407.807000,4230070.308000,0.572,1.053,249,211,151,238,0
498560.105113,4230003.692052,498614.551000,4229980.617000,1.001,-0.424,188,130,115,303,0
498506.321623,4229988.986070,498528.159000,4230017.692000,0.726,0.955,206,172,123,445,0
498549.684522,4230018.946410,498546.715000,4230009.367000,-0.322,-1.038,189,115,136,941,0
498365.020624,4229910.046021,498383.709000,4229946.485000,0.547,1.067,256,156,160,178,0
498510.751970,4230179.854032,498505.165000,4230170.150000,-0.598,-1.039,112,51,192,191,0
498588.907263,4230114.307446,498591.641000,4230119.316000,0.569,1.043,132,62,170,92,0
498513.525617,4229998.455950,498528.159000,4230017.692000,0.724,0.952,206,172,123,573,0
498410.692508,4230075.511494,498448.350000,4230143.420000,0.577,1.041,230,138,211,152,0
498692.312306,4230119.204057,498680.218000,4230067.596000,-0.271,-1.156,70,25,157,599,0
498540.298956,4230377.951842,498539.170000,4230399.490000,-0.062,1.178,201,217,121,149,0
498665.772111,4230047.244523,498659.467000,4230037.974000,-0.673,-0.989,259,158,205,244,0
498534.408850,4230221.105819,498539.139000,4230229.394000,0.587,1.029,185,113,192,465,0
498766.736000,4230275.514000,498747.035000,4230239.456000,-0.571,-1.044,281,191,175,483,0
498509.561295,4230177.785944,498505.165000,4230170.150000,-0.591,-1.027,112,51,192,447,0
498551.522264,4230024.874798,498546.715000,4230009.367000,-0.352,-1.137,189,115,136,215,0
498343.511979,4230000.179933,498365.161000,4229991.759000,1.112,-0.432,247,151,182,885,0
498661.161372,4230288.796724,498651.802000,4230268.209000,-0.490,-1.078,290,193,202,500,0
498803.835763,4230324.348212,498807.183000,4230321.777000,0.856,-0.657,268,180,166,265,0
498649.590361,4230237.053783,498709.828000,4230209.948000,1.085,-0.488,204,240,122,162,0
498510.736189,4229806.044656,498498.616000,4229781.915000,-0.534,-1.063,277,204,171,312,0
498310.542550,4230297.996707,498414.410000,4230266.366000,1.131,-0.345,128,63,61,250,0
498462.667147,4230045.713910,498441.768000,4230054.656000,-1.085,0.464,278,201,172,187,0
498495.959065,4230228.687812,498474.531000,4230189.573000,-0.569,-1.038,151,78,139,975,0
498766.165430,4230274.469706,498747.035000,4230239.456000,-0.571,-1.044,281,191,175,408,0
498588.338786,4229946.138241,498564.205000,4229909.503000,-0.655,-0.994,241,145,215,76,0
498115.976887,4230331.284355,498089.503000,4230344.993000,-1.057,0.547,46,73,15,837,0
498731.965944,4230214.633261,498747.035000,4230239.456000,0.621,1.022,263,191,162,517,0
498468.355459,4230179.861792,498470.154000,4230183.138000,0.572,1.042,229,185,138,156,0
498578.157330,4230274.803595,498566.459000,4230281.095000,-1.053,0.566,194,118,122,439,0
498426.009479,4230245.918997,498414.410000,4230266.366000,-0.586,1.033,133,63,76,508,0
498387.877226,4229954.250914,498383.709000,4229946.485000,-0.565,-1.052,257,156,201,527,0
498686.705325,4230220.352761,498709.828000,4230209.948000,1.094,-0.492,204,240,122,674,0
498554.703674,4230259.907557,498566.459000,4230281.095000,0.577,1.041,195,118,174,185,0
498567.029605,4230282.139275,498586.161000,4230317.152000,0.571,1.044,196,198,118,49,0
498662.151385,4230231.401563,498641.994000,4230240.472000,-1.084,0.488,204,122,240,140,0
498446.495518,4230140.075776,498448.350000,4230143.420000,0.574,1.035,230,138,211,321,0
498337.733405,4230100.121637,498354.239000,4230092.510000,1.081,-0.498,239,169,144,1055,0
498529.757276,4230212.955319,498539.139000,4230229.394000,0.595,1.042,185,113,192,313,0
498523.816000,4230202.545000,498612.393000,4230154.486000,1.046,-0.568,272,167,192,195,0
498409.161134,4229825.811541,498423.077000,4229819.766000,1.096,-0.476,261,195,160,614,0
498478.187484,4229952.002845,498476.762000,4229950.129000,-0.724,-0.952,206,123,172,595,0
498396.843584,4229970.956332,498383.709000,4229946.485000,-0.559,-1.042,257,156,201,654,0
498256.302902,4230314.514282,498253.621000,4230315.331000,-1.134,0.345,128,61,63,219,0
498526.175382,4230206.679116,498539.139000,4230229.394000,0.590,1.034,185,113,192,746,0
498640.023851,4230233.609194,498634.286000,4230213.622000,-0.328,-1.144,202,155,122,231,0
498550.553291,4230143.468975,498505.165000,4230170.150000,-1.025,0.603,110,51,62,215,0
498723.923817,4230372.722103,498698.912000,4230368.950000,-1.173,-0.177,233,140,206,412,0
498279.282720,4230129.571439,498330.169000,4230103.610000,1.067,-0.544,238,144,154,540,0
498656.333186,4230204.725454,498682.427000,4230194.196000,1.104,-0.445,255,236,155,518,0
498376.772015,4230277.827878,498414.410000,4230266.366000,1.134,-0.345,128,63,61,24,0
498401.979511,4230059.574440,498407.807000,4230070.308000,0.567,1.044,249,211,151,1079,0
498238.341000,4230492.864000,498238.341000,4230492.864000,0.000,0.000,-1,149,149,511,1
498580.100774,4230238.050752,498550.085000,4230251.583000,-1.076,0.485,253,174,155,523,0
498360.400531,4229901.037669,498337.734000,4229856.842000,-0.544,-1.060,256,160,156,242,0
498168.496206,4230091.107169,498179.169000,4230099.981000,0.923,0.767,282,176,197,460,0
498527.999850,4230200.274979,498612.393000,4230154.486000,1.046,-0.568,272,167,192,424,0
498593.072654,4229952.986066,498614.551000,4229980.617000,0.730,0.940,220,130,215,649,0
498384.705388,4230079.630511,498359.666000,4230089.735000,-1.102,0.445,285,179,211,473,0
498417.941248,4230375.393488,498373.980000,4230318.080000,-0.727,-0.948,155,82,133,642,0
498631.728178,4230398.233341,498586.161000,4230317.152000,-0.580,-1.032,294,198,234,452,0
498553.278345,4229889.189680,498564.205000,4229909.503000,0.472,0.877,240,145,196,257,0
498418.711192,4229821.662660,498337.734000,4229856.842000,-1.091,0.474,261,160,195,551,0
498410.349901,4229932.521325,498383.709000,4229946.485000,-1.063,0.557,246,156,150,284,0
498437.558145,4230400.968576,498373.980000,4230318.080000,-0.721,-0.939,155,82,133,377,0
498428.791905,4230152.150877,498371.763000,4230177.609000,-1.086,0.485,228,163,138,95,0
498542.699887,4230236.612392,498539.139000,4230229.394000,-0.528,-1.071,183,113,174,855,0
498485.369988,4229823.193506,498436.211000,4229840.179000,-1.125,0.389,236,142,184,264,0
498418.492078,4230011.290117,498441.768000,4230054.656000,0.561,1.045,257,201,156,122,0
498615.779067,4230221.965626,498550.085000,4230251.583000,-1.092,0.492,253,174,155,870,0
498636.726341,4230243.304966,498641.994000,4230240.472000,1.050,-0.565,194,122,118,236,0
498629.845639,4230200.963650,498634.286000,4230213.622000,0.392,1.118,254,155,190,276,0
498502.029939,4230248.584302,498440.661000,4230220.092000,-1.079,-0.501,150,76,139,846,0
498592.683000,4230071.272000,498572.990000,4230085.145000,-0.973,0.685,275,170,235,335,0
498612.359680,4229981.545717,498546.715000,4230009.367000,-1.096,0.464,188,115,130,440,0
498675.543551,4230320.433070,498651.802000,4230268.209000,-0.492,-1.083,290,193,202,404,0
498588.126650,4229991.816069,498546.715000,4230009.367000,-1.102,0.467,188,115,130,276,0
498520.527000,4229926.154000,498564.205000,4229909.503000,1.112,-0.424,242,145,233,205,0
498306.842993,4230115.510589,498261.198000,4230138.798000,-1.062,0.542,238,154,144,426,0
498461.676921,4229831.379973,498436.211000,4229840.179000,-1.127,0.389,236,142,184,595,0
498560.258909,4229902.166975,498546.779000,4229877.107000,-0.564,-1.048,240,196,145,455,0
498495.541087,4229974.814710,498528.159000,4230017.692000,0.723,0.950,206,172,123,155,0
498018.301591,4230057.120306,498022.732000,4230054.748000,1.043,-0.558,25,79,9,164,0
498512.557933,4229809.671501,498513.941000,4229812.425000,0.538,1.071,277,171,204,470,0
498401.300669,4230353.698708,498373.980000,4230318.080000,-0.721,-0.940,155,82,133,243,0
498555.977343,4229912.639561,498564.205000,4229909.503000,0.536,-0.204,242,145,233,426,0
498650.318341,4230264.013216,498651.802000,4230268.209000,0.397,1.123,203,193,122,577,0
498501.820811,4229788.295344,498513.941000,4229812.425000,0.534,1.063,277,171,204,378,0
498238.341000,4230492.864000,498238.341000,4230492.864000,0.000,0.000,-1,149,149,233,1
498238.341000,4230492.864000,498238.341000,4230492.864000,0.000,0.000,-1,149,149,61,1
498498.029793,4230156.809605,498501.925000,4230163.715000,0.583,1.034,210,143,125,306,0
498454.276924,4229936.890971,498476.762000,4229950.129000,1.018,0.599,205,123,150,480,0
498672.821542,4230057.609433,498675.841000,4230062.049000,0.666,0.979,259,205,158,268,0
498460.393935,4229801.067271,498498.616000,4229781.915000,1.071,-0.537,292,204,195,228,0
498542.297776,4230235.797260,498550.085000,4230251.583000,0.526,1.067,183,174,113,264,0
498481.995729,4229824.359386,498436.211000,4229840.179000,-1.125,0.389,236,142,184,486,0
498803.786396,4230324.386133,498807.183000,4230321.777000,0.850,-0.653,268,180,166,606,0
498631.173075,4230397.245601,498586.161000,4230317.152000,-0.580,-1.032,294,198,234,307,0
498572.900797,4229922.703275,498564.205000,4229909.503000,-0.546,-0.828,241,145,215,643,0
497551.453247,4230110.351929,497538.054000,4230088.056000,-0.615,-1.023,75,33,27,619,0
498793.046022,4230326.739191,498769.975000,4230281.061000,-0.536,-1.062,269,188,166,407,0
498639.230543,4230411.582901,498647.452000,4230426.212000,0.587,1.044,294,234,198,642,0
498555.977215,4230339.320999,498543.532000,4230316.272000,-0.568,-1.052,199,121,120,434,0
498761.684326,4230358.712351,498795.192000,4230330.988000,0.914,-0.756,270,166,206,563,0
498494.663427,4230032.023705,498441.768000,4230054.656000,-1.002,0.429,278,201,172,80,0
498783.351757,4230307.545568,498769.975000,4230281.061000,-0.537,-1.063,269,188,166,459,0
498605.367141,4230158.298003,498612.393000,4230154.486000,1.039,-0.564,272,167,192,523,0
498503.459983,4229985.224352,498528.159000,4230017.692000,0.724,0.952,206,172,123,655,0
498238.341000,4230492.864000,498238.341000,4230492.864000,0.000,0.000,-1,149,149,325,1
498520.052695,4229824.685147,498513.941000,4229812.425000,-0.532,-1.068,208,171,124,266,0
498705.122968,4230162.803500,498699.927000,4230151.697000,-0.504,-1.078,250,157,152,250,0
498698.157440,4230265.850938,498706.511000,4230265.426000,1.191,-0.061,193,117,193,519,0
498675.024686,4230319.291726,498677.021000,4230323.683000,0.492,1.082,290,202,193,173,0
498455.125336,4229937.390471,498429.662000,4229922.399000,-1.034,-0.609,205,150,123,891,0
498598.324165,4230130.642470,498612.393000,4230154.486000,0.608,1.031,131,167,62,384,0
498641.994000,4230240.472000,498651.802000,4230268.209000,0.397,1.122,203,193,122,412,0
498368.293431,4229843.565909,498423.077000,4229819.766000,1.099,-0.477,261,195,160,273,0
498639.303498,4230211.597324,498634.286000,4230213.622000,-1.110,0.448,255,155,236,264,0
498465.749607,4229798.383656,498498.616000,4229781.915000,1.071,-0.536,292,204,195,506,0
498763.312577,4230269.248238,498747.035000,4230239.456000,-0.571,-1.044,281,191,175,60,0
498518.778472,4230193.795296,498523.816000,4230202.545000,0.592,1.028,112,192,51,598,0
498477.097562,4230119.456366,498441.768000,4230054.656000,-0.570,-1.045,212,201,125,569,0
498501.820811,4229788.295344,498513.941000,4229812.425000,0.534,1.063,277,171,204,763,0
498593.821450,4230266.379374,498566.459000,4230281.095000,-1.047,0.563,194,118,122,204,0
498346.465616,4229853.048679,498423.077000,4229819.766000,1.091,-0.474,261,195,160,460,0
498503.960612,4229792.555400,498513.941000,4229812.425000,0.534,1.064,277,171,204,523,0
498572.896885,4229922.697337,498564.205000,4229909.503000,-0.548,-0.832,241,145,215,452,0
498126.992115,4230370.048716,498143.077000,4230361.624000,1.056,-0.553,42,22,14,722,0
498623.422946,4230100.758561,498680.218000,4230067.596000,1.019,-0.595,69,25,62,175,0
498400.082265,4230073.425269,498359.666000,4230089.735000,-1.104,0.445,285,179,211,488,0
498556.266224,4229912.529434,498564.205000,4229909.503000,0.547,-0.209,242,145,233,271,0
498147.839538,4230233.237268,498121.166000,4230244.237000,-1.107,0.456,127,177,59,418,0
498511.718265,4229813.275793,498489.869000,4229821.639000,-1.111,0.425,276,184,171,612,0
498776.903820,4230294.779332,498769.975000,4230281.061000,-0.539,-1.066,269,188,166,652,0
498555.062547,4229912.988301,498564.205000,4229909.503000,0.535,-0.204,242,145,233,410,0
498488.283553,4230123.509679,498481.085000,4230126.770000,-1.080,0.489,211,125,170,338,0
498542.984397,4230326.719139,498543.532000,4230316.272000,0.062,-1.191,201,121,217,348,0
498527.198645,4229923.610625,498564.205000,4229909.503000,1.112,-0.424,242,145,233,569,0
498434.018482,4229836.771366,498436.211000,4229840.179000,0.643,1.000,237,142,195,485,0
498713.696736,4230181.130124,498699.927000,4230151.697000,-0.504,-1.078,250,157,152,152,0
498445.799110,4230062.049734,498441.768000,4230054.656000,-0.570,-1.045,212,201,125,521,0
498494.920524,4230309.814124,498499.765000,4230319.054000,0.550,1.050,191,116,220,555,0
498391.510059,4230273.339708,498253.621000,4230315.331000,-1.133,0.345,128,61,63,521,0
498361.309172,4229993.257266,498365.161000,4229991.759000,1.114,-0.433,247,151,182,271,0
498345.374164,4229853.522844,498423.077000,4229819.766000,1.091,-0.474,261,195,160,381,0
498574.091425,4230240.759994,498550.085000,4230251.583000,-0.988,0.446,253,174,155,262,0
498458.649125,4229832.426142,498489.869000,4229821.639000,1.128,-0.390,236,184,142,654,0
498568.653994,4230087.108835,498481.085000,4230126.770000,-1.084,0.491,211,125,170,828,0
498580.571884,4229995.017902,498546.715000,4230009.367000,-1.095,0.464,188,115,130,104,0
498668.477529,4230051.222350,498659.467000,4230037.974000,-0.669,-0.984,259,158,205,583,0
498617.512860,4230221.183967,498634.286000,4230213.622000,1.091,-0.492,253,155,174,337,0
498238.341000,4230492.864000,498238.341000,4230492.864000,0.000,0.000,-1,149,149,537,1
498638.367870,4230227.840761,498634.286000,4230213.622000,-0.330,-1.149,202,155,122,559,0
498253.453463,4230222.084165,498221.828000,4230234.007000,-1.025,0.386,145,70,135,347,0
498269.209246,4229799.061603,498328.994000,4229926.191000,0.506,1.077,301,218,214,524,0
498499.856428,4230160.047850,498501.925000,4230163.715000,0.586,1.038,210,143,125,577,0
498404.755575,4230281.290576,498402.422000,4230284.898000,-0.642,0.992,117,54,63,963,0
498666.647814,4230075.519615,498680.218000,4230067.596000,1.034,-0.604,69,25,62,128,0
498399.232085,4229938.348664,498383.709000,4229946.485000,-1.048,0.549,246,156,150,393,0
498593.802981,4229953.925599,498614.551000,4229980.617000,0.730,0.940,220,130,215,624,0
498441.768000,4230054.656000,498481.085000,4230126.770000,0.570,1.045,212,125,201,368,0
498395.442262,4230293.293739,498402.422000,4230284.898000,0.757,-0.911,118,54,75,485,0
498546.207062,4229876.063455,498540.212000,4229865.125000,-0.572,-1.044,209,124,196,313,0
498609.369331,4230149.361556,498591.641000,4230119.316000,-0.605,-1.025,131,62,167,1005,0
498748.176141,4230241.544587,498766.736000,4230275.514000,0.571,1.044,281,175,191,56,0
498449.681819,4229835.524541,498489.869000,4229821.639000,1.122,-0.388,236,184,142,350,0
498550.161624,4229883.395506,498546.779000,4229877.107000,-0.563,-1.046,240,196,145,491,0
498564.572737,4230065.244970,498572.990000,4230085.145000,0.464,1.096,274,170,213,703,0
498489.821896,4229967.296651,498476.762000,4229950.129000,-0.722,-0.949,206,123,172,318,0
498513.530948,4230476.009504,498533.673000,4230494.692000,0.872,0.809,266,178,165,384,0
498786.574451,4230313.926161,498769.975000,4230281.061000,-0.540,-1.070,269,188,166,325,0
498496.537206,4229819.086622,498513.941000,4229812.425000,1.111,-0.425,276,171,184,314,0
498421.451752,4230016.804352,498383.709000,4229946.485000,-0.566,-1.054,257,156,201,292,0
498539.681093,4229864.059994,498513.941000,4229812.425000,-0.531,-1.065,208,171,124,566,0
498752.488861,4230249.437996,498747.035000,4230239.456000,-0.571,-1.045,281,191,175,242,0
498189.279506,4230268.771979,498183.585000,4230272.850000,-0.972,0.696,60,66,21,216,0
498710.742796,4230370.734236,498741.541000,4230375.379000,1.184,0.179,233,206,140,131,0
498711.485226,4230176.402972,498714.201000,4230182.208000,0.503,1.075,250,152,157,541,0
498441.768000,4230054.656000,498528.159000,4230017.692000,1.094,-0.468,278,172,201,145,0
498533.916243,4230153.248886,498591.641000,4230119.316000,1.021,-0.600,110,62,51,556,0
498494.741153,4230226.464635,498474.531000,4230189.573000,-0.575,-1.050,151,78,139,351,0
498540.364969,4230376.692442,498539.170000,4230399.490000,-0.062,1.191,201,217,121,205,0
498372.570201,4229924.766340,498383.709000,4229946.485000,0.541,1.054,256,156,160,311,0
498486.884046,4229963.434754,498528.159000,4230017.692000,0.724,0.952,206,172,123,564,0
498353.246516,4229850.102818,498337.734000,4229856.842000,-1.083,0.470,261,160,195,225,0
498070.571874,4230052.366156,498059.930000,4230034.323000,-0.607,-1.030,58,20,57,494,0
498135.380283,4230348.275940,498123.374000,4230327.454000,-0.591,-1.025,45,15,22,572,0
498790.215064,4230335.105932,498795.192000,4230330.988000,0.918,-0.760,270,166,206,179,0
498655.284594,4230275.869630,498651.802000,4230268.209000,-0.490,-1.077,290,193,202,181,0
498400.033543,4229937.928585,498429.662000,4229922.399000,1.062,-0.557,246,150,156,665,0
498691.351233,4230155.957450,498699.927000,4230151.697000,1.063,-0.528,258,157,190,65,0
498135.739001,4229949.184640,498109.127000,4230041.745000,-0.329,1.146,293,197,210,809,0
498543.532000,4230316.272000,498539.170000,4230399.490000,-0.062,1.188,201,217,121,118,0
498238.341000,4230492.864000,498238.341000,4230492.864000,0.000,0.000,-1,149,149,365,1
498486.618448,4230293.979559,498499.765000,4230319.054000,0.553,1.054,191,116,220,843,0
498676.909292,4230196.422522,498634.286000,4230213.622000,-1.104,0.445,255,155,236,258,0
498571.092013,4230131.395504,498505.165000,4230170.150000,-1.030,0.605,110,51,62,652,0
498267.833231,4230342.744205,498280.942000,4230368.029000,0.544,1.048,129,68,61,224,0
498371.705374,4229923.080084,498337.734000,4229856.842000,-0.547,-1.066,256,160,156,424,0
498515.880247,4230188.761358,498523.816000,4230202.545000,0.597,1.037,112,192,51,496,0
498389.389232,4230300.574765,498402.422000,4230284.898000,0.761,-0.915,118,54,75,537,0
498420.432096,4229927.236801,498429.662000,4229922.399000,1.047,-0.549,246,150,156,186,0
498550.625582,4229914.679768,498564.205000,4229909.503000,1.114,-0.425,242,145,233,337,0
498578.489919,4230303.113010,498586.161000,4230317.152000,0.573,1.049,196,198,118,500,0
498549.724020,4229915.023463,498520.527000,4229926.154000,-1.115,0.425,242,233,145,522,0
498181.945802,4229723.606062,498225.039000,4229706.076000,1.094,-0.445,264,209,164,572,0
498443.313158,4230217.702239,498474.531000,4230189.573000,0.884,-0.797,149,78,76,703,0
498682.335159,4230334.671809,498677.021000,4230323.683000,-0.517,-1.069,232,202,140,602,0
498547.772042,4230012.776921,498553.284000,4230030.558000,0.352,1.137,189,136,115,161,0
498357.265940,4229894.925779,498383.709000,4229946.485000,0.543,1.059,256,156,160,489,0
498736.900119,4230222.761157,498747.035000,4230239.456000,0.620,1.022,263,191,162,375,0
498696.321600,4230363.593478,498677.021000,4230323.683000,-0.518,-1.071,232,202,140,473,0
498530.842038,4230104.234374,498481.085000,4230126.770000,-1.077,0.488,211,125,170,121,0
498447.021631,4230463.083912,498354.309000,4230436.474000,-1.137,-0.326,279,173,207,340,0
498414.706133,4229930.238031,498429.662000,4229922.399000,0.970,-0.508,246,150,156,141,0
498605.172431,4230260.274775,498641.994000,4230240.472000,1.044,-0.562,194,122,118,239,0
498785.058153,4230310.924052,498769.975000,4230281.061000,-0.535,-1.059,269,188,166,262,0
498475.702988,4230040.136283,498441.768000,4230054.656000,-1.085,0.464,278,201,172,300,0
498408.816414,4229825.961300,498337.734000,4229856.842000,-1.099,0.478,261,160,195,388,0
498332.126798,4230192.424230,498364.061000,4230180.385000,0.930,-0.351,145,135,70,469,0
498331.066396,4230022.618346,498324.634000,4230007.523000,-0.431,-1.011,284,182,179,233,0
498708.325549,4230370.369684,498741.541000,4230375.379000,1.177,0.177,233,206,140,560,0
498376.661194,4229932.743044,498337.734000,4229856.842000,-0.542,-1.056,256,160,156,594,0
498470.701628,4229828.261742,498436.211000,4229840.179000,-1.130,0.390,236,142,184,231,0
498484.456588,4230036.390892,498441.768000,4230054.656000,-1.085,0.464,278,201,172,421,0
498359.413715,4229981.415975,498357.455000,4229977.891000,-0.574,-1.034,248,186,151,128,0
498612.596798,4230256.281923,498566.459000,4230281.095000,-1.050,0.565,194,118,122,258,0
498535.260415,4230102.233232,498572.990000,4230085.145000,1.093,-0.495,211,170,125,454,0
498643.370919,4230418.950204,498586.161000,4230317.152000,-0.583,-1.037,294,198,234,1278,0
498603.890311,4230140.075842,498591.641000,4230119.316000,-0.609,-1.032,131,62,167,894,0
498144.173769,4230316.155865,498123.374000,4230327.454000,-1.048,0.570,47,15,80,279,0
498555.350722,4230221.749588,498625.529000,4230188.658000,1.084,-0.511,184,190,113,276,0
498539.668321,4230389.983051,498543.532000,4230316.272000,0.062,-1.188,201,121,217,245,0
498432.753439,4229834.805222,498436.211000,4229840.179000,0.646,1.004,237,142,195,512,0
498224.044974,4230238.219200,498226.207000,4230242.327000,0.554,1.053,61,21,70,244,0
498542.207386,4230011.389305,498546.715000,4230009.367000,1.078,-0.484,190,115,172,461,0
498640.436558,4230413.728861,498586.161000,4230317.152000,-0.585,-1.041,294,198,234,228,0
498602.856541,4230199.348882,498539.139000,4230229.394000,-1.075,0.507,184,113,190,279,0
498689.100729,4230219.274875,498641.994000,4230240.472000,-1.087,0.489,204,122,240,434,0
498567.969575,4230133.230997,498505.165000,4230170.150000,-1.027,0.603,110,51,62,606,0
498602.601301,4229985.681477,498614.551000,4229980.617000,1.099,-0.466,188,130,115,447,0
498549.597637,4229882.347018,498564.205000,4229909.503000,0.564,1.048,240,145,196,708,0
498597.962532,4230264.152285,498566.459000,4230281.095000,-1.042,0.560,194,118,122,217,0
498545.047433,4229916.806280,498564.205000,4229909.503000,1.120,-0.427,242,145,233,915,0
498531.416213,4230016.230678,498546.715000,4230009.367000,1.086,-0.487,190,115,172,253,0
498373.111720,4230006.403307,498365.161000,4229991.759000,-0.568,-1.046,249,151,211,444,0
498280.089580,4230146.435772,498261.198000,4230138.798000,-1.101,-0.445,223,154,135,131,0
498522.786901,4229925.292477,498520.527000,4229926.154000,-1.116,0.426,242,233,145,194,0
498266.992566,4230033.330737,498279.820000,4230028.725000,1.113,-0.400,198,212,119,588,0
498491.580553,4230145.376439,498501.925000,4230163.715000,0.582,1.031,210,143,125,593,0
498362.718596,4230328.598275,498310.530000,4230377.343000,-0.865,0.808,124,58,82,335,0
498023.706443,4230219.430289,498009.635000,4230192.447000,-0.551,-1.057,120,168,55,108,0
498499.134903,4230173.973287,498474.531000,4230189.573000,-1.005,0.637,72,78,51,239,0
498684.404940,4230338.951777,498677.021000,4230323.683000,-0.520,-1.076,232,202,140,969,0
498576.152323,4230174.149013,498612.393000,4230154.486000,1.055,-0.572,272,167,192,662,0
498419.802644,4229821.188495,498337.734000,4229856.842000,-1.091,0.474,261,160,195,326,0
498560.139244,4230003.677587,498614.551000,4229980.617000,1.005,-0.426,188,130,115,533,0
498509.128420,4229802.843806,498498.616000,4229781.915000,-0.535,-1.065,277,204,171,657,0
498275.335683,4230403.809611,498296.265000,4230390.217000,1.005,-0.652,54,18,84,809,0
498548.434583,4230144.714434,498505.165000,4230170.150000,-1.030,0.605,110,51,62,271,0
498556.635975,4230005.162329,498614.551000,4229980.617000,1.102,-0.467,188,130,115,248,0
497797.266444,4229713.859431,497808.180000,4229729.368000,0.687,0.976,91,100,36,454,0
498496.674433,4229782.887878,498498.616000,4229781.915000,1.070,-0.536,292,204,195,389,0
498501.698618,4230443.471968,498488.849000,4230453.091000,-0.948,0.710,288,189,194,147,0
498473.005064,4230284.473629,498414.410000,4230266.366000,-1.144,-0.354,135,63,220,418,0
498404.564244,4229827.808592,498337.734000,4229856.842000,-1.087,0.472,261,160,195,320,0
498534.041982,4229852.747857,498540.212000,4229865.125000,0.526,1.056,208,124,171,174,0
498541.616788,4229867.688144,498540.212000,4229865.125000,-0.574,-1.047,209,124,196,386,0
498591.487489,4230232.917190,498634.286000,4230213.622000,0.986,-0.445,253,155,174,416,0
498435.536328,4230272.894668,498414.410000,4230266.366000,-1.141,-0.353,135,63,220,595,0
498572.895050,4229922.694552,498564.205000,4229909.503000,-0.548,-0.831,241,145,215,361,0
498652.180651,4230028.669452,498614.551000,4229980.617000,-0.728,-0.930,219,130,158,285,0
498011.690466,4230196.388545,498009.635000,4230192.447000,-0.547,-1.050,120,168,55,149,0
498643.020991,4230418.327550,498647.452000,4230426.212000,0.585,1.042,294,234,198,262,0
498253.621000,4230315.331000,498239.343000,4230268.177000,-0.345,-1.139,130,74,61,487,0
498499.990078,4230029.744598,498528.159000,4230017.692000,1.095,-0.469,278,172,201,613,0
498518.975576,4229822.524430,498513.941000,4229812.425000,-0.532,-1.068,208,171,124,770,0
498443.328112,4229930.444887,498476.762000,4229950.129000,0.949,0.559,205,123,150,824,0
498452.607978,4230074.538346,498441.768000,4230054.656000,-0.570,-1.045,212,201,125,150,0
497427.438000,4229905.013000,497427.438000,4229905.013000,0.000,0.000,-1,6,6,339,1
498625.230000,4230249.487741,498641.994000,4230240.472000,1.043,-0.561,194,122,118,495,0
498085.882476,4230480.949596,498063.277000,4230490.130000,-1.111,0.451,34,12,16,356,0
498745.506478,4230390.050118,498741.541000,4230375.379000,-0.311,-1.149,243,206,147,964,0
498354.159128,4229849.706347,498423.077000,4229819.766000,1.097,-0.477,261,195,160,405,0
498441.830144,4230146.330512,498371.763000,4230177.609000,-1.087,0.485,228,163,138,506,0
498780.682703,4230302.261123,498795.192000,4230330.988000,0.532,1.054,269,166,188,530,0
498522.923315,4230159.710963,498505.165000,4230170.150000,-1.030,0.606,110,51,62,529,0
498245.313555,4230287.895138,498239.343000,4230268.177000,-0.347,-1.145,130,74,61,656,0
498418.429017,4229928.286703,498429.662000,4229922.399000,1.046,-0.548,246,150,156,222,0
498161.503648,4230085.293249,498179.169000,4230099.981000,0.919,0.764,282,176,197,293,0
498725.146000,4230203.399000,498747.035000,4230239.456000,0.618,1.017,263,191,162,410,0
498705.496627,4230163.602205,498714.201000,4230182.208000,0.507,1.083,250,152,157,85,0
498438.460506,4229839.401747,498489.869000,4229821.639000,1.125,-0.389,236,184,142,561,0
498750.156241,4230368.250724,498741.541000,4230375.379000,-0.836,0.692,270,206,166,233,0
498648.305973,4230023.721551,498659.467000,4230037.974000,0.735,0.938,219,158,130,656,0
498521.091383,4230108.650576,498481.085000,4230126.770000,-1.086,0.492,211,125,170,461,0
498764.453718,4230271.336825,498747.035000,4230239.456000,-0.571,-1.044,281,191,175,394,0
498332.741419,4230192.192517,498364.061000,4230180.385000,0.919,-0.347,145,135,70,367,0
498442.429105,4230218.498826,498474.531000,4230189.573000,0.884,-0.797,149,78,76,144,0
498364.356359,4229908.750823,498383.709000,4229946.485000,0.546,1.064,256,156,160,1029,0
498510.736189,4229806.044656,498498.616000,4229781.915000,-0.534,-1.063,277,204,171,379,0
498732.824330,4230216.047250,498725.146000,4230203.399000,-0.623,-1.026,263,162,191,270,0
498569.960303,4230177.508602,498612.393000,4230154.486000,1.050,-0.570,272,167,192,379,0
498593.925929,4230231.817849,498550.085000,4230251.583000,-1.089,0.491,253,174,155,380,0
498517.657346,4229819.880043,498540.212000,4229865.125000,0.531,1.065,208,124,171,588,0
498609.457779,4230108.912805,498591.641000,4230119.316000,-1.030,0.601,69,62,25,119,0
498389.736056,4229943.325953,498383.709000,4229946.485000,-1.045,0.548,246,156,150,638,0
498597.870427,4230264.201819,498641.994000,4230240.472000,1.043,-0.561,194,122,118,539,0
498676.107424,4230069.996160,498591.641000,4230119.316000,-1.028,0.600,69,62,25,178,0
498590.407635,4230268.215336,498566.459000,4230281.095000,-1.056,0.568,194,118,122,824,0
498746.498539,4230393.720455,498747.059000,4230395.794000,0.309,1.144,243,147,206,276,0
498416.226303,4230157.760254,498448.350000,4230143.420000,1.080,-0.482,228,138,163,301,0
498717.779912,4230371.795523,498741.541000,4230375.379000,1.181,0.178,233,206,140,379,0
498028.974206,4229966.342119,498023.758000,4229954.887000,-0.489,-1.074,57,56,20,263,0
498688.964946,4230348.381124,498698.912000,4230368.950000,0.519,1.073,232,140,202,389,0
498712.183943,4230177.896494,498699.927000,4230151.697000,-0.504,-1.078,250,157,152,382,0
498543.347372,4229870.845728,498540.212000,4229865.125000,-0.572,-1.044,209,124,196,299,0
498693.725709,4230358.225601,498677.021000,4230323.683000,-0.519,-1.073,232,202,140,1085,0
498670.994666,4230310.426928,498651.802000,4230268.209000,-0.451,-0.991,290,193,202,91,0
498507.272794,4229814.977378,498489.869000,4229821.639000,-1.111,0.425,276,184,171,160,0
498446.626012,4230412.790605,498452.692000,4230420.699000,0.724,0.944,155,133,82,577,0
498318.884311,4229904.693233,498267.690000,4229795.831000,-0.508,-1.079,301,214,218,437,0
498674.435459,4230164.361223,498625.529000,4230188.658000,-1.056,0.524,258,190,157,408,0
497818.344008,4230415.033322,497973.515000,4230320.944000,1.010,-0.613,56,19,89,626,0
498238.341000,4230492.864000,498238.341000,4230492.864000,0.000,0.000,-1,149,149,607,1
498272.081684,4230309.709176,498253.621000,4230315.331000,-1.144,0.348,128,61,63,799,0
497576.706957,4230064.750829,497774.274000,4229945.631000,1.023,-0.617,87,44,33,519,0
498543.919310,4229871.889273,498540.212000,4229865.125000,-0.572,-1.044,209,124,196,86,0
498630.802170,4230096.449842,498680.218000,4230067.596000,1.028,-0.600,69,25,62,25,0
497696.146481,4229798.525193,497673.639000,4229756.146000,-0.557,-1.049,6,1,44,380,0
498694.741346,4230154.273238,498699.927000,4230151.697000,1.062,-0.528,258,157,190,236,0
498321.770014,4230107.895041,498330.169000,4230103.610000,1.065,-0.543,238,144,154,533,0
498539.543741,4230392.359788,498543.532000,4230316.272000,0.062,-1.188,201,121,217,394,0
498744.885469,4230387.752566,498741.541000,4230375.379000,-0.311,-1.149,243,206,147,732,0
497767.401390,4229801.239111,497834.451000,4229765.422000,1.050,-0.561,94,88,38,339,0
498317.056479,4230010.982780,498298.376000,4230019.512000,-1.083,0.494,287,200,182,440,0
498695.244486,4230216.510302,498709.828000,4230209.948000,1.088,-0.489,204,240,122,174,0
498513.749164,4230111.975965,498572.990000,4230085.145000,1.091,-0.494,211,170,125,658,0
498550.925548,4230022.949849,498553.284000,4230030.558000,0.350,1.130,189,136,115,271,0
498411.439871,4229998.150996,498383.709000,4229946.485000,-0.560,-1.044,257,156,201,204,0
498586.696594,4230168.428034,498612.393000,4230154.486000,1.044,-0.567,272,167,192,223,0
498341.008356,4229855.419505,498423.077000,4229819.766000,1.091,-0.474,261,195,160,209,0
498580.432946,4230098.781423,498591.641000,4230119.316000,0.574,1.051,132,62,170,513,0
498403.418957,4229828.306145,498337.734000,4229856.842000,-1.093,0.475,261,160,195,387,0
498769.975000,4230281.061000,498795.192000,4230330.988000,0.536,1.062,269,166,188,408,0
498405.242643,4229935.198265,498429.662000,4229922.399000,0.874,-0.458,246,150,156,416,0
498352.627693,4229850.371656,498337.734000,4229856.842000,-0.920,0.400,261,160,195,537,0
498784.264688,4230340.029291,498741.541000,4230375.379000,-0.909,0.752,270,206,166,227,0
498027.217470,4229958.406810,498023.758000,4229954.887000,-0.833,-0.848,121,56,197,438,0
498353.309114,4229887.210677,498337.734000,4229856.842000,-0.541,-1.055,256,160,156,480,0
498243.460148,4229744.841566,498267.690000,4229795.831000,0.511,1.076,299,214,209,356,0
498504.369749,4229986.420269,498476.762000,4229950.129000,-0.722,-0.949,206,123,172,546,0
498512.034800,4229808.630014,498513.941000,4229812.425000,0.537,1.070,277,171,204,697,0
498548.065367,4230324.667963,498543.532000,4230316.272000,-0.565,-1.047,199,121,120,118,0
498695.285440,4230361.450869,498677.021000,4230323.683000,-0.518,-1.071,232,202,140,306,0
498704.110540,4230160.639412,498699.927000,4230151.697000,-0.504,-1.077,250,157,152,410,0
498238.341000,4230492.864000,498238.341000,4230492.864000,0.000,0.000,-1,149,149,311,1
498602.849367,4229965.563371,498591.612000,4229951.107000,-0.732,-0.942,220,215,130,174,0
498690.458627,4230351.469810,498698.912000,4230368.950000,0.517,1.070,232,140,202,326,0
498741.541000,4230375.379000,498698.912000,4230368.950000,-1.177,-0.177,233,140,206,164,0
498584.742128,4230314.555295,498586.161000,4230317.152000,0.572,1.047,196,198,118,524,0
498488.977673,4229966.186893,498528.159000,4230017.692000,0.717,0.942,206,172,123,424,0
498431.855410,4230235.614071,498414.410000,4230266.366000,-0.587,1.035,133,63,76,303,0
498777.938960,4230296.828800,498769.975000,4230281.061000,-0.539,-1.067,269,188,166,240,0
498389.108004,4229834.523326,498423.077000,4229819.766000,1.087,-0.472,261,195,160,145,0
498329.280898,4230018.428195,498359.666000,4230089.735000,0.464,1.090,284,179,182,112,0
498446.554763,4229808.001788,498423.077000,4229819.766000,-1.063,0.532,292,195,204,310,0
498495.701811,4229975.025988,498476.762000,4229950.129000,-0.718,-0.944,206,123,172,256,0
498036.968785,4230418.656657,498028.249000,4230423.565000,-1.034,0.582,43,50,14,370,0
498555.786555,4229912.712294,498564.205000,4229909.503000,0.549,-0.209,242,145,233,401,0
498647.019406,4230254.683837,498641.994000,4230240.472000,-0.399,-1.129,203,122,193,418,0
498751.949518,4230248.450858,498747.035000,4230239.456000,-0.568,-1.040,281,191,175,237,0
498473.417254,4230041.114277,498441.768000,4230054.656000,-1.092,0.467,278,201,172,103,0
498530.031887,4229844.703549,498540.212000,4229865.125000,0.484,0.970,208,124,171,430,0
498593.942772,4230203.552045,498625.529000,4230188.658000,1.075,-0.507,184,190,113,581,0
498550.247900,4230020.763817,498553.284000,4230030.558000,0.353,1.140,189,136,115,439,0
498489.833372,4230142.279050,498501.925000,4230163.715000,0.582,1.032,210,143,125,614,0
498533.291773,4229851.242927,498513.941000,4229812.425000,-0.533,-1.069,208,171,124,236,0
498493.932398,4229820.083660,498489.869000,4229821.639000,-1.112,0.426,276,184,171,603,0
498516.595533,4229817.750031,498540.212000,4229865.125000,0.531,1.065,208,124,171,424,0
498739.187613,4230375.024079,498698.912000,4230368.950000,-1.177,-0.177,233,140,206,395,0
498472.283987,4230041.599166,498441.768000,4230054.656000,-1.102,0.472,278,201,172,496,0
498238.341000,4230492.864000,498238.341000,4230492.864000,0.000,0.000,-1,149,149,220,1
498457.706155,4230083.889261,498481.085000,4230126.770000,0.571,1.047,212,125,201,387,0
498444.481369,4229809.040722,498498.616000,4229781.915000,1.066,-0.534,292,204,195,219,0
498537.200407,4230101.354584,498481.085000,4230126.770000,-1.091,0.494,211,125,170,430,0
498343.308282,4230051.347221,498359.666000,4230089.735000,0.467,1.096,284,179,182,454,0
498446.325072,4230063.014438,498481.085000,4230126.770000,0.570,1.045,212,125,201,195,0
498563.641273,4229908.454996,498546.779000,4229877.107000,-0.564,-1.048,240,196,145,289,0
498634.054829,4230184.422360,498699.927000,4230151.697000,1.066,-0.529,258,157,190,282,0
498051.119240,4230354.102771,498020.602000,4230295.967000,-0.553,-1.054,37,13,17,199,0
498360.545847,4229901.321008,498383.709000,4229946.485000,0.548,1.068,256,156,160,670,0
498548.829084,4230016.186842,498553.284000,4230030.558000,0.352,1.137,189,136,115,882,0
498465.819192,4230044.365249,498441.768000,4230054.656000,-1.090,0.466,278,201,172,654,0
498526.658267,4229837.936019,498540.212000,4229865.125000,0.532,1.067,208,124,171,437,0
498296.211866,4230120.934435,498330.169000,4230103.610000,1.057,-0.539,238,144,154,576,0
498166.190036,4230089.189718,498179.169000,4230099.981000,0.757,0.630,282,176,197,619,0
498612.510142,4230223.439382,498550.085000,4230251.583000,-1.084,0.489,253,174,155,175,0
498393.813960,4229965.311773,498441.768000,4230054.656000,0.560,1.043,257,201,156,402,0
498376.152751,4230320.912676,498452.692000,4230420.699000,0.724,0.944,155,133,82,617,0
498424.434676,4230248.694984,498440.661000,4230220.092000,0.592,-1.043,133,76,63,462,0
497989.129655,4230350.219981,498028.249000,4230423.565000,0.556,1.042,55,50,19,403,0
498389.216727,4229834.476093,498337.734000,4229856.842000,-1.092,0.474,261,160,195,427,0
498728.486594,4230208.901847,498725.146000,4230203.399000,-0.618,-1.019,263,162,191,581,0
498476.527928,4230118.411562,498441.768000,4230054.656000,-0.570,-1.045,212,201,125,556,0
498287.015811,4230376.823996,498296.265000,4230390.217000,0.675,0.977,53,18,68,102,0
498727.052732,4230252.261732,498706.511000,4230265.426000,-1.001,0.642,192,117,191,70,0
498483.607497,4230183.818191,498505.165000,4230170.150000,1.008,-0.639,72,51,78,272,0
498666.476337,4230048.279959,498659.467000,4230037.974000,-0.669,-0.983,259,158,205,333,0
498779.117337,4230299.161863,498769.975000,4230281.061000,-0.532,-1.054,269,188,166,290,0
497884.552564,4229960.003358,497873.890000,4229940.056000,-0.561,-1.049,161,97,86,170,0
498558.669566,4230004.300460,498546.715000,4230009.367000,-1.099,0.466,188,115,130,191,0
498481.084913,4229955.811607,498528.159000,4230017.692000,0.720,0.947,206,172,123,116,0
498471.256641,4229828.069973,498489.869000,4229821.639000,1.125,-0.389,236,184,142,524,0
498332.065666,4230406.430587,498310.530000,4230377.343000,-0.591,-0.798,125,58,173,268,0
498493.377151,4229971.970148,498528.159000,4230017.692000,0.726,0.954,206,172,123,814,0
498192.127727,4230081.575461,498203.234000,4230065.801000,0.688,-0.977,218,129,176,343,0
498551.816083,4229886.471246,498564.205000,4229909.503000,0.560,1.040,240,145,196,717,0
498636.716955,4230222.089974,498634.286000,4230213.622000,-0.331,-1.153,202,155,122,348,0
498573.871794,4230294.661294,498586.161000,4230317.152000,0.570,1.043,196,198,118,204,0
498555.795349,4229912.708941,498564.205000,4229909.503000,0.537,-0.205,242,145,233,158,0
498529.310629,4230490.645740,498511.786000,4230474.391000,-0.872,-0.809,266,165,178,350,0
498550.085000,4230251.583000,498634.286000,4230213.622000,1.085,-0.489,253,155,174,284,0
498180.269318,4230445.031406,498214.257000,4230433.730000,1.131,-0.376,50,64,16,297,0
498484.705709,4229788.885153,498498.616000,4229781.915000,1.060,-0.531,292,204,195,724,0
498362.091466,4229904.334688,498337.734000,4229856.842000,-0.539,-1.051,256,160,156,264,0
498534.704532,4230014.755400,498528.159000,4230017.692000,-1.093,0.490,190,172,115,871,0
498439.833401,4229928.387386,498429.662000,4229922.399000,-1.023,-0.602,205,150,123,193,0
498580.876592,4230125.643743,498591.641000,4230119.316000,1.019,-0.599,110,62,51,213,0
498636.753747,4230222.218136,498634.286000,4230213.622000,-0.327,-1.139,202,155,122,275,0
498460.250137,4229801.139325,498498.616000,4229781.915000,1.060,-0.531,292,204,195,267,0
498427.137636,4230243.930335,498414.410000,4230266.366000,-0.585,1.032,133,63,76,168,0
498546.615636,4230190.174659,498523.816000,4230202.545000,-1.053,0.572,272,192,167,628,0
498654.362000,4230174.333737,498699.927000,4230151.697000,1.064,-0.529,258,157,190,376,0
498528.705637,4229923.036126,498520.527000,4229926.154000,-1.106,0.422,242,233,145,798,0
498452.967133,4229804.788684,498423.077000,4229819.766000,-1.062,0.532,292,195,204,722,0
498468.808635,4229945.446478,498476.762000,4229950.129000,1.025,0.603,205,123,150,264,0
498655.203251,4230173.915803,498625.529000,4230188.658000,-1.057,0.525,258,190,157,281,0
498486.980867,4230294.670802,498483.303000,4230287.656000,-0.556,-1.061,191,220,116,248,0
498445.784526,4230411.693536,498452.692000,4230420.699000,0.730,0.952,155,133,82,336,0
498533.195754,4230153.672419,498505.165000,4230170.150000,-1.026,0.603,110,51,62,925,0
498489.374635,4230299.236439,498499.765000,4230319.054000,0.552,1.053,191,116,220,491,0
498543.158259,4230323.402212,498539.170000,4230399.490000,-0.062,1.188,201,217,121,1149,0
498523.288098,4229831.175411,498513.941000,4229812.425000,-0.531,-1.065,208,171,124,361,0
498320.413984,4230390.693004,498354.309000,4230436.474000,0.705,0.952,125,173,58,560,0
498700.431264,4230152.774876,498714.201000,4230182.208000,0.504,1.078,250,152,157,261,0
498580.948071,4230171.546996,498523.816000,4230202.545000,-1.047,0.568,272,192,167,242,0
498674.540873,4230225.826531,498709.828000,4230209.948000,1.079,-0.485,204,240,122,381,0
498581.572868,4230100.869904,498591.641000,4230119.316000,0.574,1.051,132,62,170,492,0
498181.326483,4230096.916683,498179.169000,4230099.981000,-0.684,0.972,218,176,129,861,0
498522.863869,4230159.745907,498505.165000,4230170.150000,-1.026,0.603,110,51,62,181,0
498425.321802,4229818.641177,498423.077000,4229819.766000,-1.058,0.530,292,195,204,640,0
498380.453855,4229838.282993,498423.077000,4229819.766000,1.099,-0.477,261,195,160,406,0
498404.697144,4229935.484185,498429.662000,4229922.399000,1.053,-0.552,246,150,156,398,0
498286.797953,4230376.508533,498280.942000,4230368.029000,-0.676,-0.979,53,68,18,166,0
498424.430363,4230154.097902,498371.763000,4230177.609000,-1.079,0.481,228,163,138,341,0
498658.602406,4230080.217318,498591.641000,4230119.316000,-1.022,0.597,69,62,25,499,0
498444.373890,4229809.094578,498423.077000,4229819.766000,-1.056,0.529,292,195,204,466,0
498414.780704,4229930.198946,498429.662000,4229922.399000,0.958,-0.502,246,150,156,354,0
498560.869178,4229910.774688,498520.527000,4229926.154000,-1.112,0.424,242,233,145,437,0
498450.708452,4230211.038614,498440.661000,4230220.092000,-0.886,0.798,149,76,78,460,0
498561.386363,4229904.262982,498546.779000,4229877.107000,-0.564,-1.048,240,196,145,350,0
498387.085642,4229952.776096,498441.768000,4230054.656000,0.563,1.049,257,201,156,588,0
498423.720895,4229820.766749,498436.211000,4229840.179000,0.644,1.001,237,142,195,679,0
498434.923209,4229838.177502,498423.077000,4229819.766000,-0.644,-1.001,237,195,142,525,0
498287.639725,4230024.842529,498279.820000,4230028.725000,-1.074,0.533,297,212,200,477,0
498462.554472,4229799.984671,498498.616000,4229781.915000,1.064,-0.533,292,204,195,521,0
498384.834547,4229948.582032,498441.768000,4230054.656000,0.563,1.049,257,201,156,384,0
498308.364022,4230201.382823,498221.828000,4230234.007000,-1.115,0.421,145,70,135,364,0
498613.820673,4229979.677467,498591.612000,4229951.107000,-0.730,-0.940,220,215,130,540,0
498618.579435,4230220.703114,498634.286000,4230213.622000,1.082,-0.488,253,155,174,544,0
498410.625087,4229932.377088,498383.709000,4229946.485000,-1.049,0.550,246,156,150,882,0
498366.082339,4229912.116174,498383.709000,4229946.485000,0.545,1.063,256,156,160,165,0
498469.623251,4229828.634344,498436.211000,4229840.179000,-1.125,0.389,236,142,184,197,0
498397.279821,4229971.769095,498441.768000,4230054.656000,0.565,1.053,257,201,156,566,0
498748.353440,4230369.742366,498741.541000,4230375.379000,-0.924,0.765,270,206,166,115,0
498419.284043,4229927.838546,498383.709000,4229946.485000,-1.046,0.548,246,156,150,810,0
498576.547484,4229928.238969,498564.205000,4229909.503000,-0.659,-1.000,241,145,215,472,0
498472.539502,4229947.643016,498476.762000,4229950.129000,1.019,0.600,205,123,150,341,0
498518.827259,4230005.425128,498476.762000,4229950.129000,-0.717,-0.942,206,123,172,650,0
498633.056931,4230004.248772,498614.551000,4229980.617000,-0.739,-0.944,219,130,158,327,0
498535.179600,4229855.029934,498540.212000,4229865.125000,0.535,1.073,208,124,171,437,0
498775.384672,4230347.376643,498795.192000,4230330.988000,0.910,-0.753,270,166,206,267,0
498278.199254,4230145.671522,498261.198000,4230138.798000,-1.099,-0.444,223,154,135,413,0
498374.981685,4229840.660296,498337.734000,4229856.842000,-1.095,0.476,261,160,195,532,0
498605.769566,4229969.320077,498591.612000,4229951.107000,-0.732,-0.942,220,215,130,570,0
498528.725215,4229923.028663,498520.527000,4229926.154000,-1.107,0.422,242,233,145,187,0
498550.725091,4229884.443025,498564.205000,4229909.503000,0.564,1.048,240,145,196,374,0
498539.417779,4230150.014867,498505.165000,4230170.150000,-1.030,0.605,110,51,62,388,0
498553.282161,4229889.196774,498564.205000,4229909.503000,0.472,0.878,240,145,196,701,0
498501.077030,4229786.814577,498498.616000,4229781.915000,-0.535,-1.065,277,204,171,246,0
498670.481083,4230309.297205,498651.802000,4230268.209000,-0.453,-0.997,290,193,202,333,0
498650.084961,4230176.458574,498699.927000,4230151.697000,1.073,-0.533,258,157,190,320,0
498352.202208,4229850.556502,498337.734000,4229856.842000,-0.908,0.394,261,160,195,450,0
498549.597637,4229882.347018,498564.205000,4229909.503000,0.564,1.048,240,145,196,189,0
498381.734685,4229942.635441,498383.709000,4229946.485000,0.544,1.060,256,156,160,154,0
498715.709764,4230185.129171,498714.201000,4230182.208000,-0.502,-0.973,251,152,162,742,0
498540.790716,4230099.728485,498572.990000,4230085.145000,1.078,-0.488,211,170,125,153,0
498654.525073,4230082.598068,498591.641000,4230119.316000,-1.033,0.603,69,62,25,697,0
498505.072898,4230027.569819,498441.768000,4230054.656000,-1.102,0.471,278,201,172,244,0
498607.555129,4230146.286890,498591.641000,4230119.316000,-0.605,-1.025,131,62,167,181,0
498449.404488,4229835.620364,498436.211000,4229840.179000,-1.119,0.387,236,142,184,730,0
498536.259779,4230151.871264,498505.165000,4230170.150000,-1.021,0.600,110,51,62,419,0
498495.351741,4229783.550651,498498.616000,4229781.915000,1.063,-0.533,292,204,195,605,0
498022.771122,4230294.843790,498020.602000,4230295.967000,-1.060,0.549,39,13,55,332,0
498659.108089,4230203.605717,498634.286000,4230213.622000,-1.113,0.449,255,155,236,217,0
498386.069526,4230207.383764,498371.763000,4230177.609000,-0.519,-1.079,134,163,63,488,0
498475.674479,4230191.660308,498508.506000,4230251.591000,0.572,1.044,151,139,78,565,0
498541.982308,4230345.836935,498543.532000,4230316.272000,0.063,-1.197,201,121,217,583,0
498643.977601,4230246.081619,498651.802000,4230268.209000,0.397,1.122,203,193,122,354,0
498564.945689,4230217.225215,498625.529000,4230188.658000,1.082,-0.510,184,190,113,238,0
498113.101202,4230228.692882,498121.166000,4230244.237000,0.549,1.059,283,177,216,96,0
498636.608936,4230243.368107,498641.994000,4230240.472000,1.047,-0.563,194,122,118,307,0
498763.571688,4230269.722479,498766.736000,4230275.514000,0.566,1.036,281,175,191,728,0
498621.234264,4230379.560677,498647.452000,4230426.212000,0.587,1.044,294,234,198,364,0
498620.428319,4230175.389085,498612.393000,4230154.486000,-0.424,-1.104,271,167,190,192,0
498501.704312,4229817.108817,498489.869000,4229821.639000,-1.113,0.426,276,184,171,213,0
498527.965756,4230288.029340,498543.532000,4230316.272000,0.575,1.043,200,121,159,319,0
498717.572612,4230258.337113,498747.035000,4230239.456000,1.006,-0.645,192,191,117,710,0
498642.511396,4230016.321970,498614.551000,4229980.617000,-0.739,-0.943,219,130,158,249,0
497900.023869,4229925.766618,497932.969000,4229907.753000,1.051,-0.575,170,96,97,325,0
498651.405280,4230267.087076,498641.994000,4230240.472000,-0.397,-1.122,203,122,193,765,0
498542.957588,4230315.229814,498521.641000,4230276.554000,-0.574,-1.042,200,159,121,626,0
498474.207410,4230284.845190,498414.410000,4230266.366000,-1.137,-0.351,135,63,220,281,0
498708.731614,4230370.430924,498698.912000,4230368.950000,-1.172,-0.177,233,140,206,311,0
498246.611172,4230224.663716,498221.828000,4230234.007000,-1.121,0.423,145,70,135,366,0
498598.860172,4230229.593305,498634.286000,4230213.622000,1.083,-0.488,253,155,174,414,0
498006.370709,4230743.185751,497969.251000,4230769.319000,-0.976,0.687,157,228,83,733,0
498543.057845,4229917.564754,498520.527000,4229926.154000,-1.119,0.427,242,233,145,350,0
498421.262564,4230094.572686,498407.807000,4230070.308000,-0.574,-1.035,230,211,138,474,0
498301.565556,4230385.433308,498310.530000,4230377.343000,0.883,-0.797,52,58,18,750,0
498238.341000,4230492.864000,498238.341000,4230492.864000,0.000,0.000,-1,149,149,775,1
498048.958476,4230105.923824,498042.437000,4230093.577000,-0.560,-1.061,68,24,216,314,0
498549.162258,4230224.667673,498539.139000,4230229.394000,-1.073,0.506,184,113,190,428,0
498789.142554,4230335.993330,498795.192000,4230330.988000,0.916,-0.758,270,166,206,579,0
498786.643565,4230314.063001,498795.192000,4230330.988000,0.539,1.067,269,166,188,449,0
498615.242964,4230161.899898,498612.393000,4230154.486000,-0.429,-1.116,271,167,190,249,0
498672.426063,4230165.359493,498699.927000,4230151.697000,1.068,-0.531,258,157,190,471,0
498636.584508,4230221.628607,498641.994000,4230240.472000,0.328,1.144,202,122,155,209,0
498261.198000,4230138.798000,498254.633000,4230136.025000,-1.096,-0.463,252,187,154,778,0
498401.117944,4230238.702553,498414.410000,4230266.366000,0.512,1.066,134,63,163,303,0
498710.994322,4230175.353653,498714.201000,4230182.208000,0.506,1.081,250,152,157,868,0
498104.239221,4230381.965907,498074.197000,4230397.701000,-1.045,0.548,42,14,22,503,0
498104.038396,4230036.567641,498109.127000,4230041.745000,0.839,0.854,121,197,56,235,0
498238.341000,4230492.864000,498238.341000,4230492.864000,0.000,0.000,-1,149,149,178,1
498435.814833,4229926.021464,498476.762000,4229950.129000,1.025,0.604,205,123,150,291,0
498350.629580,4230339.889550,498310.530000,4230377.343000,-0.865,0.808,124,58,82,599,0
498555.169223,4229912.947634,498564.205000,4229909.503000,0.548,-0.209,242,145,233,130,0
498620.101804,4230220.016773,498550.085000,4230251.583000,-1.094,0.493,253,174,155,84,0
498622.836877,4229991.197930,498614.551000,4229980.617000,-0.729,-0.931,219,130,158,716,0
498330.102333,4229928.297181,498346.509000,4229959.475000,0.554,1.053,235,141,218,806,0
498749.765694,4230368.573863,498795.192000,4230330.988000,0.914,-0.756,270,166,206,447,0
497887.027469,4230653.126757,497905.770000,4230679.683000,0.686,0.972,178,106,109,192,0
498253.621000,4230315.331000,498414.410000,4230266.366000,1.138,-0.347,128,63,61,442,0
498107.801070,4230472.048145,498063.277000,4230490.130000,-1.095,0.445,34,12,16,282,0
498440.257648,4230461.142548,498354.309000,4230436.474000,-1.147,-0.329,279,173,207,531,0
498771.584483,4230284.247607,498795.192000,4230330.988000,0.536,1.062,269,166,188,461,0
498587.327023,4230319.226799,498647.452000,4230426.212000,0.583,1.037,294,234,198,428,0
498499.212425,4230318.000073,498483.303000,4230287.656000,-0.553,-1.054,191,220,116,516,0
498764.811254,4230356.125121,498795.192000,4230330.988000,0.843,-0.698,270,166,206,360,0
498461.792429,4230467.323352,498476.773000,4230471.623000,1.144,0.328,279,207,173,126,0
498678.169800,4230326.058530,498677.021000,4230323.683000,-0.519,-1.072,232,202,140,351,0
498267.297515,4230311.166097,498414.410000,4230266.366000,1.140,-0.347,128,63,61,396,0
498181.267946,4230277.007987,498166.085000,4230304.254000,-0.579,1.039,139,80,66,479,0
498403.714688,4230282.899661,498414.410000,4230266.366000,0.646,-0.999,117,63,54,615,0
498072.517221,4230353.765743,498055.544000,4230362.532000,-1.065,0.550,51,17,73,201,0
498543.220549,4230322.213843,498539.170000,4230399.490000,-0.062,1.188,201,217,121,270,0
498308.315957,4230298.674770,498414.410000,4230266.366000,1.148,-0.350,128,63,61,423,0
498238.341000,4230492.864000,498238.341000,4230492.864000,0.000,0.000,-1,149,149,454,1
498633.012558,4230209.991737,498634.286000,4230213.622000,0.392,1.117,254,155,190,583,0
498233.749780,4230426.930907,498230.624000,4230428.178000,-1.110,0.443,146,72,84,382,0
498497.362736,4230119.397596,498572.990000,4230085.145000,1.086,-0.492,211,170,125,343,0
498785.525248,4230311.848851,498795.192000,4230330.988000,0.534,1.057,269,166,188,285,0
498628.726186,4230187.069635,498699.927000,4230151.697000,1.066,-0.529,258,157,190,293,0
498377.601252,4230322.801126,498452.692000,4230420.699000,0.724,0.944,155,133,82,652,0
497699.918735,4230238.483302,497647.526000,4230270.214000,-1.018,0.616,22,27,8,141,0
498360.536966,4229983.437419,498357.455000,4229977.891000,-0.578,-1.040,248,186,151,313,0
498670.944527,4230310.316640,498651.802000,4230268.209000,-0.456,-1.004,290,193,202,611,0
498620.638677,4230378.500901,498647.452000,4230426.212000,0.580,1.032,294,234,198,565,0
498329.288780,4230018.446692,498359.666000,4230089.735000,0.465,1.092,284,179,182,139,0
498610.388380,4230195.797348,498539.139000,4230229.394000,-1.084,0.511,184,113,190,110,0
498238.341000,4230492.864000,498238.341000,4230492.864000,0.000,0.000,-1,149,149,729,1
498674.029821,4230226.056494,498641.994000,4230240.472000,-1.090,0.491,204,122,240,124,0
498553.218314,4230006.610790,498546.715000,4230009.367000,-1.087,0.461,188,115,130,810,0
498315.476202,4230111.106052,498330.169000,4230103.610000,1.064,-0.543,238,144,154,292,0
498498.014963,4230119.102194,498481.085000,4230126.770000,-1.076,0.488,211,125,170,622,0
498540.498411,4229918.540465,498564.205000,4229909.503000,1.107,-0.422,242,145,233,230,0
497983.334620,4230339.354845,497973.515000,4230320.944000,-0.557,-1.044,55,19,50,161,0
498342.735564,4230420.842103,498354.309000,4230436.474000,0.587,0.792,125,173,58,416,0
498645.931993,4230251.608634,498651.802000,4230268.209000,0.393,1.113,203,193,122,484,0
498631.547808,4230397.912394,498647.452000,4230426.212000,0.583,1.038,294,234,198,642,0
498470.847568,4230107.992826,498441.768000,4230054.656000,-0.568,-1.042,212,201,125,563,0
498646.780521,4230254.008271,498651.802000,4230268.209000,0.400,1.130,203,193,122,576,0
498761.709264,4230358.691717,498795.192000,4230330.988000,0.916,-0.758,270,166,206,570,0
498542.146902,4230148.410581,498591.641000,4230119.316000,1.033,-0.607,110,62,51,461,0
498238.341000,4230492.864000,498238.341000,4230492.864000,0.000,0.000,-1,149,149,460,1
498395.555024,4229968.555588,498441.768000,4230054.656000,0.561,1.045,257,201,156,131,0
498238.341000,4230492.864000,498238.341000,4230492.864000,0.000,0.000,-1,149,149,484,1
498764.453718,4230271.336825,498747.035000,4230239.456000,-0.571,-1.044,281,191,175,57,0
498569.219053,4230076.229754,498572.990000,4230085.145000,0.465,1.099,274,170,213,253,0
497960.853848,4230296.721470,497874.991000,4230132.454000,-0.554,-1.059,21,8,19,195,0
498498.228020,4230316.122515,498499.765000,4230319.054000,0.554,1.057,191,116,220,204,0
498700.406427,4230265.736534,498706.511000,4230265.426000,1.185,-0.060,193,117,193,467,0
498691.533726,4230353.692938,498698.912000,4230368.950000,0.516,1.066,232,140,202,341,0
498115.983384,4230416.637498,498090.573000,4230429.098000,-1.068,0.524,64,60,23,414,0
498797.080423,4230515.887107,498740.432000,4230558.457000,-0.946,0.711,298,231,203,291,0
498647.026810,4230208.480791,498634.286000,4230213.622000,-1.105,0.446,255,155,236,202,0
498602.492179,4229985.727725,498614.551000,4229980.617000,1.101,-0.467,188,130,115,755,0
498567.657944,4230653.948963,498644.241000,4230589.873000,0.909,-0.760,305,222,227,300,0
498487.372932,4230721.122300,498436.390000,4230763.779000,-0.908,0.760,305,227,222,356,0
498408.482414,4230363.061747,498373.980000,4230318.080000,-0.719,-0.938,155,82,133,326,0
498339.595173,4229946.336557,498346.509000,4229959.475000,0.550,1.046,235,141,218,296,0
498365.830027,4230439.780707,498354.309000,4230436.474000,-1.134,-0.326,279,173,207,463,0
498716.385355,4230186.437207,498725.146000,4230203.399000,0.546,1.057,251,162,152,300,0
498326.480438,4230293.143149,498414.410000,4230266.366000,1.134,-0.345,128,63,61,564,0
498436.583730,4229926.474150,498429.662000,4229922.399000,-1.029,-0.606,205,150,123,674,0
497947.066975,4230737.994867,497969.251000,4230769.319000,0.683,0.965,179,228,106,425,0
498478.249377,4230443.259459,498488.849000,4230453.091000,0.866,0.804,215,189,127,482,0
498385.557929,4230820.877938,498343.368000,4230869.095000,-0.783,0.894,307,225,223,136,0
498269.764327,4230549.224201,498416.654000,4230549.193000,1.194,-0.000,221,134,161,342,0
498217.189363,4230549.235368,498153.011000,4230549.249000,-1.187,0.000,221,161,134,229,0
498467.622443,4230468.996653,498354.309000,4230436.474000,-1.144,-0.328,279,173,207,305,0
498536.189772,4230224.226355,498523.816000,4230202.545000,-0.590,-1.034,185,192,113,106,0
498577.968695,4230094.266602,498572.990000,4230085.145000,-0.570,-1.044,132,170,62,863,0
498445.630284,4229808.465025,498498.616000,4229781.915000,1.060,-0.531,292,204,195,124,0
498238.341000,4230492.864000,498238.341000,4230492.864000,0.000,0.000,-1,149,149,611,1
498359.607010,4230182.064159,498221.828000,4230234.007000,-1.113,0.420,145,70,135,75,0
498647.723464,4230177.631768,498625.529000,4230188.658000,-1.064,0.529,258,190,157,157,0
498600.915514,4230135.034228,498591.641000,4230119.316000,-0.609,-1.032,131,62,167,468,0
497771.734873,4230573.865387,497719.743000,4230587.306000,-1.159,0.300,28,45,10,378,0
498632.966062,4230095.186348,498591.641000,4230119.316000,-1.031,0.602,69,62,25,234,0
498374.172923,4230182.624535,498371.763000,4230177.609000,-0.516,-1.073,134,163,63,289,0
498696.724274,4230215.844426,498641.994000,4230240.472000,-1.094,0.492,204,122,240,538,0
498238.341000,4230492.864000,498238.341000,4230492.864000,0.000,0.000,-1,149,149,94,1
498684.287282,4230084.960185,498699.927000,4230151.697000,0.271,1.157,70,157,25,233,0
498381.571200,4230309.544454,498373.980000,4230318.080000,-0.791,0.889,148,82,75,663,0
498650.611839,4230264.843229,498641.994000,4230240.472000,-0.397,-1.122,203,122,193,325,0
498458.367261,4230085.101840,498441.768000,4230054.656000,-0.566,-1.038,212,201,125,748,0
498736.834226,4230374.669158,498698.912000,4230368.950000,-1.177,-0.177,233,140,206,506,0
498662.352176,4230267.672322,498651.802000,4230268.209000,-1.197,0.061,193,193,117,741,0
498107.567240,4230335.639018,498089.503000,4230344.993000,-1.052,0.545,46,73,15,216,0
498747.958962,4230370.068759,498795.192000,4230330.988000,0.917,-0.759,270,166,206,284,0
498151.601211,4229894.013599,498109.127000,4230041.745000,-0.327,1.136,293,197,210,389,0
498116.856679,4230330.828783,498123.374000,4230327.454000,1.049,-0.543,46,15,73,814,0
498752.829886,4230366.038542,498741.541000,4230375.379000,-0.920,0.761,270,206,166,88,0
498238.341000,4230492.864000,498238.341000,4230492.864000,0.000,0.000,-1,149,149,458,1
498406.352938,4230360.285490,498373.980000,4230318.080000,-0.727,-0.948,155,82,133,624,0
498527.438517,4230488.909287,498533.673000,4230494.692000,0.867,0.804,266,178,165,512,0
498071.236689,4230524.596553,498063.277000,4230490.130000,-0.268,-1.159,36,12,77,57,0
498639.251109,4230411.619497,498586.161000,4230317.152000,-0.587,-1.045,294,198,234,788,0
498557.883881,4230091.986763,498481.085000,4230126.770000,-1.076,0.487,211,125,170,247,0
498475.344359,4230285.196542,498414.410000,4230266.366000,-1.137,-0.351,135,63,220,203,0
498083.845176,4230016.022212,498109.127000,4230041.745000,0.838,0.853,121,197,56,620,0
498472.278099,4230470.332896,498476.773000,4230471.623000,1.152,0.331,279,207,173,352,0
498153.263325,4230396.424373,498147.462000,4230399.570000,-1.046,0.567,138,71,65,191,0
498613.035991,4230364.972830,498586.161000,4230317.152000,-0.584,-1.039,294,198,234,500,0
498565.029224,4230356.085656,498594.930000,4230411.463000,0.567,1.050,199,120,121,335,0
498654.331173,4230031.415633,498614.551000,4229980.617000,-0.734,-0.937,219,130,158,472,0
498571.505579,4230214.131991,498625.529000,4230188.658000,1.077,-0.508,184,190,113,363,0
498640.857730,4230236.513924,498641.994000,4230240.472000,0.328,1.143,202,122,155,109,0
498246.099833,4230132.604412,498254.633000,4230136.025000,1.112,0.446,227,187,137,509,0
498803.723669,4230324.434317,498807.183000,4230321.777000,0.843,-0.648,268,180,166,447,0
498684.958602,4230340.096660,498677.021000,4230323.683000,-0.517,-1.070,232,202,140,290,0
498598.778211,4230161.872942,498523.816000,4230202.545000,-1.048,0.569,272,192,167,443,0
498393.912992,4230272.607944,498253.621000,4230315.331000,-1.139,0.347,128,61,63,215,0
498694.767360,4230360.379565,498677.021000,4230323.683000,-0.518,-1.071,232,202,140,449,0
498241.907555,4230549.230118,498153.011000,4230549.249000,-1.182,0.000,221,161,134,663,0
498633.498195,4230211.376167,498625.529000,4230188.658000,-0.394,-1.123,254,190,155,437,0
498785.635442,4230312.067023,498795.192000,4230330.988000,0.540,1.069,269,166,188,659,0
498073.696453,4230353.156698,498055.544000,4230362.532000,-1.051,0.543,51,17,73,292,0
498775.980252,4230292.950765,498795.192000,4230330.988000,0.488,0.967,269,166,188,505,0
498506.571311,4229815.245884,498513.941000,4229812.425000,1.115,-0.427,276,171,184,516,0
498662.389106,4230267.670443,498651.802000,4230268.209000,-1.195,0.061,193,193,117,630,0
497453.880402,4229948.768845,497427.438000,4229905.013000,-0.612,-1.013,16,6,33,315,0
498271.983375,4230215.098368,498364.061000,4230180.385000,1.015,-0.383,145,135,70,620,0
498238.341000,4230492.864000,498238.341000,4230492.864000,0.000,0.000,-1,149,149,499,1
498436.191548,4230121.494421,498407.807000,4230070.308000,-0.576,-1.040,230,211,138,501,0
498429.662000,4229922.399000,498383.709000,4229946.485000,-1.054,0.552,246,156,150,241,0
498786.648148,4230314.072074,498769.975000,4230281.061000,-0.532,-1.053,269,188,166,338,0
498498.772885,4230317.161737,498499.765000,4230319.054000,0.550,1.050,191,116,220,504,0
498276.623967,4230145.034642,498364.061000,4230180.385000,1.101,0.445,223,135,154,509,0
498641.008925,4230237.040597,498634.286000,4230213.622000,-0.328,-1.144,202,155,122,525,0
498127.889951,4230096.078103,498094.871000,4230093.565000,-1.193,-0.091,123,57,176,117,0
498639.889886,4230241.603600,498641.994000,4230240.472000,1.051,-0.565,194,122,118,696,0
498742.416412,4230378.617771,498741.541000,4230375.379000,-0.309,-1.143,243,206,147,864,0
498086.320003,4230338.601746,498071.988000,4230309.824000,-0.530,-1.065,147,131,73,193,0
498713.696736,4230181.130124,498699.927000,4230151.697000,-0.504,-1.078,250,157,152,246,0
498219.427722,4230120.381862,498233.885000,4230127.708000,1.062,0.538,226,137,176,311,0
498697.357760,4230365.736087,498677.021000,4230323.683000,-0.518,-1.071,232,202,140,502,0
498733.403302,4230217.000970,498725.146000,4230203.399000,-0.619,-1.020,263,162,191,160,0
498572.966172,4229922.802515,498564.205000,4229909.503000,-0.544,-0.826,241,145,215,518,0
498702.103768,4230156.349892,498699.927000,4230151.697000,-0.500,-1.069,250,157,152,647,0
498644.771042,4230248.325467,498651.802000,4230268.209000,0.397,1.122,203,193,122,409,0
498745.581803,4230390.328801,498747.059000,4230395.794000,0.311,1.151,243,147,206,654,0
498664.185381,4230295.448609,498651.802000,4230268.209000,-0.493,-1.084,290,193,202,572,0
498660.641964,4230287.654188,498677.021000,4230323.683000,0.490,1.077,290,202,193,180,0
498648.616598,4230177.188059,498625.529000,4230188.658000,-1.074,0.534,258,190,157,602,0
498757.884701,4230259.313800,498766.736000,4230275.514000,0.570,1.043,281,175,191,245,0
498337.734000,4229856.842000,498383.709000,4229946.485000,0.543,1.059,256,156,160,95,0
498639.881346,4230233.112795,498641.994000,4230240.472000,0.330,1.149,202,122,155,364,0
498529.576175,4229843.789384,498513.941000,4229812.425000,-0.530,-1.062,208,171,124,349,0
498658.726115,4230283.439912,498677.021000,4230323.683000,0.496,1.090,290,202,193,200,0
498666.548890,4230300.647596,498677.021000,4230323.683000,0.489,1.077,290,202,193,1115,0
498643.079194,4230239.983683,498709.828000,4230209.948000,1.085,-0.488,204,240,122,465,0
498572.143768,4230291.498801,498586.161000,4230317.152000,0.568,1.040,196,198,118,437,0
498701.617291,4230265.674939,498706.511000,4230265.426000,1.180,-0.060,193,117,193,324,0
498388.638461,4229943.901251,498383.709000,4229946.485000,-0.878,0.460,246,156,150,597,0
498537.959309,4230227.326942,498523.816000,4230202.545000,-0.590,-1.034,185,192,113,411,0
498101.667010,4230034.154893,498023.758000,4229954.887000,-0.829,-0.843,121,56,197,335,0
498091.038874,4230683.577141,497969.251000,4230769.319000,-0.973,0.685,157,228,83,520,0
498238.341000,4230492.864000,498238.341000,4230492.864000,0.000,0.000,-1,149,149,294,1
498100.244860,4230424.355206,498124.531000,4230412.446000,1.075,-0.527,64,23,60,484,0
498024.828922,4230293.778226,498054.473000,4230278.428000,1.057,-0.547,39,55,13,363,0
498021.142265,4230410.240554,498028.249000,4230423.565000,0.558,1.047,55,50,19,325,0
498523.190262,4230427.383645,498535.847000,4230417.909000,0.950,-0.711,288,194,189,335,0
497382.890000,4230748.184000,497382.890000,4230748.184000,0.000,0.000,-1,48,48,340,1
497882.650659,4230128.586497,497874.991000,4230132.454000,-1.063,0.537,20,8,9,426,0
498323.352483,4230195.732156,498364.061000,4230180.385000,1.111,-0.419,145,135,70,685,0
498238.341000,4230492.864000,498238.341000,4230492.864000,0.000,0.000,-1,149,149,760,1
498261.294607,4229782.372499,498267.690000,4229795.831000,0.511,1.076,299,214,209,283,0
498498.581457,4230560.332049,498416.654000,4230549.193000,-1.179,-0.160,222,134,229,352,0
497755.514627,4229565.692286,497729.357000,4229597.130000,-0.761,0.915,1,0,35,491,0
498254.357612,4230417.433886,498249.267000,4230420.740000,-1.003,0.652,54,84,18,895,0
497925.513424,4229897.140082,497932.969000,4229907.753000,0.633,0.900,171,96,99,499,0
497833.701726,4230405.721031,497973.515000,4230320.944000,1.022,-0.620,56,19,89,152,0
498172.920465,4230222.894302,498206.504000,4230209.045000,1.103,-0.455,127,59,177,702,0
498000.395229,4230371.341851,498028.249000,4230423.565000,0.559,1.048,55,50,19,329,0
498578.632439,4230381.279312,498594.930000,4230411.463000,0.568,1.052,199,120,121,601,0
498238.341000,4230492.864000,498238.341000,4230492.864000,0.000,0.000,-1,149,149,79,1
498082.121333,4230263.788046,498054.473000,4230278.428000,-1.052,0.557,30,55,11,641,0
498238.341000,4230492.864000,498238.341000,4230492.864000,0.000,0.000,-1,149,149,274,1
498000.027369,4230257.048495,497975.676000,4230210.986000,-0.561,-1.060,40,67,13,246,0
498110.442264,4230037.170322,498156.184000,4229878.074000,0.329,-1.144,293,210,197,185,0
498238.341000,4230492.864000,498238.341000,4230492.864000,0.000,0.000,-1,149,149,80,1
497927.366282,4230040.339220,497914.352000,4230015.940000,-0.557,-1.044,166,93,91,377,0
498238.341000,4230492.864000,498238.341000,4230492.864000,0.000,0.000,-1,149,149,533,1
497700.336404,4230357.680930,497647.526000,4230270.214000,-0.616,-1.021,73,27,26,496,0
498056.741989,4230277.226557,498054.473000,4230278.428000,-1.043,0.552,30,55,11,580,0
498273.290672,4230405.137750,498249.267000,4230420.740000,-0.997,0.647,54,84,18,486,0
498108.609956,4230671.255397,498163.971000,4230632.464000,0.978,-0.685,156,221,83,520,0
498072.488211,4230055.615279,498059.930000,4230034.323000,-0.605,-1.026,58,20,57,588,0
498163.142788,4230305.852167,498166.085000,4230304.254000,1.051,-0.571,47,80,15,593,0
498101.246166,4230254.078403,498121.166000,4230244.237000,1.070,-0.529,33,177,11,180,0
498113.702165,4230045.548993,498179.169000,4230099.981000,0.915,0.761,282,176,197,167,0
498331.249629,4230103.111662,498354.239000,4230092.510000,1.081,-0.498,239,169,144,587,0
497427.438000,4229905.013000,497427.438000,4229905.013000,0.000,0.000,-1,6,6,508,1
497846.484810,4229907.111092,497908.888000,4229873.474000,1.055,-0.569,86,99,32,485,0
498433.230035,4230116.153865,498448.350000,4230143.420000,0.577,1.040,230,138,211,74,0
497427.438000,4229905.013000,497427.438000,4229905.013000,0.000,0.000,-1,6,6,548,1
497920.227628,4230353.255275,497973.515000,4230320.944000,1.018,-0.617,56,19,89,266,0
497382.890000,4230748.184000,497382.890000,4230748.184000,0.000,0.000,-1,48,48,740,1
498263.908097,4230335.173226,498253.621000,4230315.331000,-0.550,-1.060,129,61,68,468,0
498325.544908,4230397.623192,498354.309000,4230436.474000,0.644,0.869,125,173,58,702,0
498060.819893,4230206.356690,498043.506000,4230174.020000,-0.558,-1.042,31,128,11,294,0
498568.862488,4230178.104240,498612.393000,4230154.486000,1.045,-0.567,272,167,192,421,0
498078.433911,4230572.380423,498093.958000,4230681.522000,0.168,1.179,143,83,69,285,0
497845.486352,4229967.027590,497900.185000,4230071.422000,0.552,1.054,80,34,30,535,0
498109.455816,4230040.601330,498156.184000,4229878.074000,0.329,-1.144,293,210,197,305,0
498034.007442,4230434.507980,498028.249000,4230423.565000,-0.550,-1.045,35,50,12,309,0
498201.880491,4230685.956830,498286.462000,4230805.307000,0.685,0.967,302,230,221,805,0
498051.915347,4230493.464010,497823.722000,4230560.426000,-1.136,0.333,26,10,12,522,0
498238.341000,4230492.864000,498238.341000,4230492.864000,0.000,0.000,-1,149,149,293,1
498238.341000,4230492.864000,498238.341000,4230492.864000,0.000,0.000,-1,149,149,135,1
498071.988000,4230309.824000,498089.503000,4230344.993000,0.530,1.065,147,73,131,906,0
497427.438000,4229905.013000,497427.438000,4229905.013000,0.000,0.000,-1,6,6,545,1
497382.890000,4230748.184000,497382.890000,4230748.184000,0.000,0.000,-1,48,48,361,1
498555.910818,4230339.198029,498543.532000,4230316.272000,-0.570,-1.055,199,121,120,591,0
498086.554386,4230268.248811,498089.483000,4230259.890000,0.396,-1.130,32,11,131,667,0
498377.934143,4230313.633962,498387.107000,4230303.320000,0.791,-0.889,148,75,82,398,0
498587.313827,4230168.093144,498523.816000,4230202.545000,-1.042,0.566,272,192,167,372,0
497427.438000,4229905.013000,497427.438000,4229905.013000,0.000,0.000,-1,6,6,222,1
498238.341000,4230492.864000,498238.341000,4230492.864000,0.000,0.000,-1,149,149,312,1
498296.391821,4230153.026687,498364.061000,4230180.385000,1.094,0.442,223,135,154,804,0
498264.087355,4230034.373864,498251.373000,4230038.939000,-1.126,0.404,198,119,212,298,0
497713.222647,4230379.023696,497647.526000,4230270.214000,-0.613,-1.015,73,27,26,425,0
498056.973442,4230282.910094,498054.473000,4230278.428000,-0.578,-1.036,119,55,131,588,0
497427.438000,4229905.013000,497427.438000,4229905.013000,0.000,0.000,-1,6,6,353,1
497963.006818,4230187.914924,497975.676000,4230210.986000,0.577,1.051,15,67,5,502,0
497952.897758,4230281.500372,497973.515000,4230320.944000,0.553,1.059,21,19,8,331,0
497872.796769,4229726.015526,497821.294000,4229666.452000,-0.773,-0.893,17,7,31,390,0
498151.900165,4229892.973795,498156.184000,4229878.074000,0.328,-1.142,293,210,197,237,0
498238.341000,4230492.864000,498238.341000,4230492.864000,0.000,0.000,-1,149,149,407,1
498568.886678,4230363.229802,498543.532000,4230316.272000,-0.567,-1.051,199,121,120,369,0
498238.341000,4230492.864000,498238.341000,4230492.864000,0.000,0.000,-1,149,149,136,1
497427.438000,4229905.013000,497427.438000,4229905.013000,0.000,0.000,-1,6,6,154,1
498142.693142,4230130.524515,498094.871000,4230093.565000,-0.942,-0.728,122,57,81,272,0
498238.341000,4230492.864000,498238.341000,4230492.864000,0.000,0.000,-1,149,149,323,1
498113.069252,4230418.066502,498124.531000,4230412.446000,1.066,-0.523,64,23,60,745,0
498213.050925,4230117.150459,498233.885000,4230127.708000,1.070,0.542,226,137,176,325,0
497940.062835,4230256.945395,497973.515000,4230320.944000,0.554,1.060,21,19,8,539,0
498183.341750,4229723.038199,498225.039000,4229706.076000,1.101,-0.448,264,209,164,442,0
498250.753658,4230305.861421,498253.621000,4230315.331000,0.347,1.146,130,61,74,321,0
498238.341000,4230492.864000,498238.341000,4230492.864000,0.000,0.000,-1,149,149,358,1
498149.759401,4229867.483196,498156.184000,4229878.074000,0.616,1.016,265,210,164,771,0
498238.341000,4230492.864000,498238.341000,4230492.864000,0.000,0.000,-1,149,149,202,1
497427.438000,4229905.013000,497427.438000,4229905.013000,0.000,0.000,-1,6,6,614,1
497427.438000,4229905.013000,497427.438000,4229905.013000,0.000,0.000,-1,6,6,45,1
498238.341000,4230492.864000,498238.341000,4230492.864000,0.000,0.000,-1,149,149,167,1
498446.618695,4230140.297904,498407.807000,4230070.308000,-0.577,-1.041,230,211,138,633,0
497851.576376,4229978.650628,497841.068000,4229958.595000,-0.549,-1.048,80,30,34,308,0
498060.333970,4230205.449145,498043.506000,4230174.020000,-0.559,-1.043,31,128,11,766,0
498050.458377,4230352.843816,498055.544000,4230362.532000,0.554,1.056,37,17,13,579,0
497427.438000,4229905.013000,497427.438000,4229905.013000,0.000,0.000,-1,6,6,159,1
498238.341000,4230492.864000,498238.341000,4230492.864000,0.000,0.000,-1,149,149,539,1
498341.992725,4230098.157431,498354.239000,4230092.510000,1.074,-0.495,239,169,144,230,0
498076.092499,4230555.919204,498074.231000,4230542.832000,-0.167,-1.171,143,69,83,385,0
498550.213631,4230020.653268,498553.284000,4230030.558000,0.350,1.128,189,136,115,228,0
498451.007110,4230553.863729,498621.218000,4230577.006000,1.188,0.162,222,229,134,185,0
498140.615259,4230458.721838,498147.475000,4230455.936000,1.107,-0.450,34,16,12,461,0
497889.123820,4229845.219866,497908.888000,4229873.474000,0.682,0.975,168,99,92,360,0
498092.683686,4230258.308700,498121.166000,4230244.237000,1.067,-0.527,33,177,11,232,0
498238.341000,4230492.864000,498238.341000,4230492.864000,0.000,0.000,-1,149,149,523,1
497808.150620,4229827.991637,497858.534000,4229801.365000,1.045,-0.552,98,85,42,235,0
498238.341000,4230492.864000,498238.341000,4230492.864000,0.000,0.000,-1,149,149,583,1
498128.005990,4230657.664626,498163.971000,4230632.464000,0.977,-0.684,156,221,83,652,0
497382.890000,4230748.184000,497382.890000,4230748.184000,0.000,0.000,-1,48,48,455,1
498249.840755,4230302.846501,498239.343000,4230268.177000,-0.343,-1.134,130,74,61,285,0
498238.341000,4230492.864000,498238.341000,4230492.864000,0.000,0.000,-1,149,149,208,1
497756.906000,4230451.374000,497823.722000,4230560.426000,0.622,1.015,27,10,26,58,0
497691.188786,4230342.530240,497756.906000,4230451.374000,0.617,1.022,73,26,27,377,0
497512.627475,4229853.502643,497427.438000,4229905.013000,-1.014,0.613,5,6,1,149,0
497907.521430,4229871.520402,497908.888000,4229873.474000,0.680,0.972,168,99,92,316,0
498015.608312,4230286.521054,497975.676000,4230210.986000,-0.555,-1.050,40,67,13,240,0
498121.043662,4230466.670141,498063.277000,4230490.130000,-1.093,0.444,34,12,16,458,0
498115.532231,4230047.070591,498179.169000,4230099.981000,0.915,0.761,282,176,197,370,0
498228.508985,4230231.488261,498364.061000,4230180.385000,1.113,-0.420,145,135,70,898,0
497925.157383,4230057.753985,497934.057000,4230052.883000,1.038,-0.568,88,91,34,496,0
498392.302577,4230220.355998,498371.763000,4230177.609000,-0.512,-1.066,134,163,63,244,0
498238.341000,4230492.864000,498238.341000,4230492.864000,0.000,0.000,-1,149,149,600,1
498156.593965,4230576.453051,498163.971000,4230632.464000,0.156,1.184,262,221,161,479,0
498204.150728,4230437.090485,498147.475000,4230455.936000,-1.123,0.373,50,16,64,274,0
497688.032839,4230597.938558,497639.923000,4230614.070000,-1.135,0.380,101,47,45,427,0
497788.748844,4229859.808075,497800.518000,4229881.824000,0.562,1.052,96,41,42,571,0
498238.341000,4230492.864000,498238.341000,4230492.864000,0.000,0.000,-1,149,149,518,1
498235.292928,4230042.817747,498251.373000,4230038.939000,1.157,-0.279,197,119,146,1032,0
497751.319191,4230649.683175,497764.671000,4230676.059000,0.534,1.056,102,102,45,464,0
498014.834920,4230107.580712,498009.615000,4230110.229000,-1.065,0.540,66,53,24,381,0
498242.953283,4230280.100189,498239.343000,4230268.177000,-0.346,-1.141,130,74,61,378,0
498284.986435,4230210.196199,498221.828000,4230234.007000,-1.108,0.418,145,70,135,365,0
498238.341000,4230492.864000,498238.341000,4230492.864000,0.000,0.000,-1,149,149,310,1
497427.438000,4229905.013000,497427.438000,4229905.013000,0.000,0.000,-1,6,6,731,1
498238.341000,4230492.864000,498238.341000,4230492.864000,0.000,0.000,-1,149,149,312,1
497912.259418,4230688.846144,497905.770000,4230679.683000,-0.690,-0.975,179,106,228,337,0
497961.646484,4230185.437703,497940.646000,4230147.195000,-0.526,-0.958,15,5,67,305,0
498188.422485,4230269.385720,498226.207000,4230242.327000,0.967,-0.693,60,21,66,869,0
498421.212445,4230155.534404,498371.763000,4230177.609000,-1.079,0.482,228,163,138,236,0
498238.341000,4230492.864000,498238.341000,4230492.864000,0.000,0.000,-1,149,149,86,1
497836.099016,4229912.709330,497908.888000,4229873.474000,1.055,-0.569,86,99,32,607,0
498293.623321,4230151.907396,498261.198000,4230138.798000,-1.108,-0.448,223,154,135,413,0
497738.376386,4230624.115315,497719.743000,4230587.306000,-0.534,-1.054,102,45,102,598,0
498373.343789,4230278.871874,498414.410000,4230266.366000,1.135,-0.346,128,63,61,563,0
498446.628195,4230412.793450,498452.692000,4230420.699000,0.725,0.945,155,133,82,388,0
498106.480528,4230251.492364,498121.166000,4230244.237000,1.059,-0.523,33,177,11,179,0
498238.341000,4230492.864000,498238.341000,4230492.864000,0.000,0.000,-1,149,149,130,1
497427.438000,4229905.013000,497427.438000,4229905.013000,0.000,0.000,-1,6,6,506,1
498238.341000,4230492.864000,498238.341000,4230492.864000,0.000,0.000,-1,149,149,71,1
497861.933198,4230617.570752,497828.101000,4230569.634000,-0.682,-0.967,178,109,106,431,0
497970.355195,4229886.555479,497944.949000,4229854.047000,-0.732,-0.936,99,43,56,616,0
497827.103610,4229769.346889,497760.054000,4229805.164000,-1.050,0.561,94,38,88,449,0
497964.834893,4230134.230239,498009.615000,4230110.229000,1.054,-0.565,14,53,5,423,0
498238.341000,4230492.864000,498238.341000,4230492.864000,0.000,0.000,-1,149,149,481,1
498356.313245,4230437.049248,498354.309000,4230436.474000,-1.151,-0.330,279,173,207,490,0
497986.562858,4230512.641312,497823.722000,4230560.426000,-1.133,0.332,26,10,12,1006,0
497382.890000,4230748.184000,497382.890000,4230748.184000,0.000,0.000,-1,48,48,728,1
497818.643941,4229668.030685,497821.294000,4229666.452000,1.030,-0.614,19,7,36,585,0
497924.082563,4229963.304591,497959.240000,4229944.695000,1.059,-0.561,162,208,86,344,0
498061.940508,4230208.449633,498043.506000,4230174.020000,-0.560,-1.046,31,128,11,481,0
497953.793124,4230140.148405,497940.646000,4230147.195000,-1.050,0.563,14,5,53,453,0
498313.121019,4230199.589430,498364.061000,4230180.385000,1.116,-0.421,145,135,70,338,0
498202.536584,4230686.882620,498163.971000,4230632.464000,-0.691,-0.976,302,221,230,536,0
498032.135538,4230235.593857,498054.473000,4230278.428000,0.549,1.052,120,55,168,473,0
497382.890000,4230748.184000,497382.890000,4230748.184000,0.000,0.000,-1,48,48,521,1
498463.278867,4230170.614311,498448.350000,4230143.420000,-0.573,-1.044,229,138,185,467,0
498238.341000,4230492.864000,498238.341000,4230492.864000,0.000,0.000,-1,149,149,392,1
497796.125339,4230567.560116,497719.743000,4230587.306000,-1.149,0.297,28,45,10,171,0
498022.732000,4230054.748000,498042.437000,4230093.577000,0.539,1.061,67,24,79,90,0
497913.074885,4229969.131193,497894.646000,4229978.886000,-1.048,0.555,162,86,208,237,0
498707.153463,4230167.143729,498699.927000,4230151.697000,-0.503,-1.075,250,157,152,774,0
498433.706268,4229814.439898,498498.616000,4229781.915000,1.063,-0.533,292,204,195,545,0
498038.142013,4230497.505714,497823.722000,4230560.426000,-1.138,0.334,26,10,12,611,0
498238.341000,4230492.864000,498238.341000,4230492.864000,0.000,0.000,-1,149,149,796,1
498175.663352,4230277.063138,498183.585000,4230272.850000,1.055,-0.561,140,66,132,227,0
498512.658474,4230475.200252,498533.673000,4230494.692000,0.872,0.809,266,178,165,330,0
498167.445486,4230131.165088,498163.859000,4230140.705000,-0.420,1.116,182,112,176,584,0
498394.746842,4230046.252700,498365.161000,4229991.759000,-0.565,-1.041,249,151,211,402,0
498238.341000,4230492.864000,498238.341000,4230492.864000,0.000,0.000,-1,149,149,605,1
497714.398428,4229832.891668,497673.639000,4229756.146000,-0.557,-1.049,6,1,44,459,0
498179.970327,4230274.772468,498183.585000,4230272.850000,1.055,-0.561,140,66,132,318,0
498238.341000,4230492.864000,498238.341000,4230492.864000,0.000,0.000,-1,149,149,520,1
498111.633141,4230333.533623,498123.374000,4230327.454000,1.057,-0.547,46,15,73,620,0
497857.447901,4230099.912777,497774.274000,4229945.631000,-0.569,-1.056,23,44,8,725,0
498504.629845,4230169.087122,498501.925000,4230163.715000,-0.535,-1.063,111,143,51,178,0
498238.341000,4230492.864000,498238.341000,4230492.864000,0.000,0.000,-1,149,149,114,1
498238.341000,4230492.864000,498238.341000,4230492.864000,0.000,0.000,-1,149,149,569,1
498065.520336,4230298.230579,498071.988000,4230309.824000,0.579,1.038,119,131,55,313,0
498051.838763,4230016.554131,498059.930000,4230034.323000,0.493,1.083,57,20,56,223,0
498250.274857,4229759.182478,498225.039000,4229706.076000,-0.510,-1.073,299,209,214,866,0
498400.800404,4230353.046498,498452.692000,4230420.699000,0.726,0.947,155,133,82,156,0
498238.341000,4230492.864000,498238.341000,4230492.864000,0.000,0.000,-1,149,149,897,1
497979.013008,4230217.298209,498020.602000,4230295.967000,0.556,1.052,40,13,67,409,0
497993.422910,4230070.441843,497920.941000,4230109.253000,-1.051,0.563,25,9,79,392,0
498162.652785,4230622.455312,498163.971000,4230632.464000,0.155,1.175,262,221,161,172,0
497927.696627,4230529.915260,498063.277000,4230490.130000,1.142,-0.335,26,12,10,276,0
498458.123197,4230161.222781,498470.154000,4230183.138000,0.577,1.051,229,185,138,113,0
497760.195371,4230587.455787,497732.875000,4230594.626000,-1.142,0.300,180,108,109,149,0
498238.341000,4230492.864000,498238.341000,4230492.864000,0.000,0.000,-1,149,149,958,1
498517.762123,4230269.182215,498508.506000,4230251.591000,-0.554,-1.053,231,139,159,1074,0
498339.171188,4230350.591815,498310.530000,4230377.343000,-0.867,0.810,124,58,82,73,0
497427.438000,4229905.013000,497427.438000,4229905.013000,0.000,0.000,-1,6,6,686,1
498347.999156,4230062.355616,498359.666000,4230089.735000,0.469,1.101,284,179,182,269,0
498229.311024,4230724.663147,498163.971000,4230632.464000,-0.691,-0.975,302,221,230,58,0
497878.927607,4229949.480276,497873.890000,4229940.056000,-0.564,-1.056,161,97,86,713,0
498238.341000,4230492.864000,498238.341000,4230492.864000,0.000,0.000,-1,149,149,320,1
498130.420637,4230240.420539,498121.166000,4230244.237000,-1.092,0.450,127,177,59,95,0
498048.359666,4230008.913814,498059.930000,4230034.323000,0.494,1.086,57,20,56,471,0
498238.341000,4230492.864000,498238.341000,4230492.864000,0.000,0.000,-1,149,149,1161,1
497933.913501,4230528.090955,497823.722000,4230560.426000,-1.148,0.337,26,10,12,481,0
498252.154049,4230310.486301,498253.621000,4230315.331000,0.347,1.146,130,61,74,409,0
498468.423042,4230736.977406,498436.390000,4230763.779000,-0.916,0.766,305,227,222,415,0
498388.348044,4230336.812014,498373.980000,4230318.080000,-0.727,-0.948,155,82,133,297,0
498339.165706,4230041.625552,498324.634000,4230007.523000,-0.466,-1.093,284,182,179,244,0
497870.159899,4229894.349547,497821.362000,4229920.653000,-1.052,0.567,86,32,99,389,0
498082.630267,4230393.283942,498143.077000,4230361.624000,1.054,-0.552,42,22,14,664,0
498238.341000,4230492.864000,498238.341000,4230492.864000,0.000,0.000,-1,149,149,350,1
497752.401227,4230206.698245,497874.991000,4230132.454000,1.016,-0.616,22,8,27,370,0
498238.341000,4230492.864000,498238.341000,4230492.864000,0.000,0.000,-1,149,149,678,1
498051.031821,4230014.782035,498023.758000,4229954.887000,-0.496,-1.088,57,56,20,567,0
498330.438521,4230358.748222,498310.530000,4230377.343000,-0.875,0.817,124,58,82,341,0
497741.171845,4230213.499114,497874.991000,4230132.454000,1.010,-0.611,22,8,27,328,0
498238.341000,4230492.864000,498238.341000,4230492.864000,0.000,0.000,-1,149,149,206,1
498205.637965,4230063.761583,498203.234000,4230065.801000,-0.912,0.774,217,129,146,257,0
498265.613233,4230338.462170,498253.621000,4230315.331000,-0.548,-1.058,129,61,68,334,0
497427.438000,4229905.013000,497427.438000,4229905.013000,0.000,0.000,-1,6,6,363,1
498397.012291,4230291.405193,498402.422000,4230284.898000,0.762,-0.917,118,54,75,217,0
498238.341000,4230492.864000,498238.341000,4230492.864000,0.000,0.000,-1,149,149,241,1
498238.341000,4230492.864000,498238.341000,4230492.864000,0.000,0.000,-1,149,149,269,1
497654.587319,4230609.152989,497719.743000,4230587.306000,1.128,-0.378,101,45,47,276,0
498238.341000,4230492.864000,498238.341000,4230492.864000,0.000,0.000,-1,149,149,556,1
498238.341000,4230492.864000,498238.341000,4230492.864000,0.000,0.000,-1,149,149,282,1
497382.890000,4230748.184000,497382.890000,4230748.184000,0.000,0.000,-1,48,48,272,1
497382.890000,4230748.184000,497382.890000,4230748.184000,0.000,0.000,-1,48,48,632,1
498070.070177,4230306.386263,498071.988000,4230309.824000,0.578,1.035,119,131,55,368,0
497903.175497,4230186.374829,497973.515000,4230320.944000,0.551,1.054,21,19,8,807,0
498273.375195,4230786.840642,498163.971000,4230632.464000,-0.688,-0.971,302,221,230,561,0
498481.667882,4230464.111245,498476.773000,4230471.623000,-0.654,1.003,289,207,189,817,0
498116.864822,4230546.304725,498153.011000,4230549.249000,1.179,0.096,144,161,69,251,0
498238.341000,4230492.864000,498238.341000,4230492.864000,0.000,0.000,-1,149,149,813,1
497777.248055,4229944.053402,497774.274000,4229945.631000,-1.050,0.557,85,44,32,248,0
498049.008232,4230411.879687,498074.197000,4230397.701000,1.044,-0.588,43,14,50,40,0
497752.876285,4229550.880134,497746.848000,4229536.099000,-0.447,-1.096,89,40,35,276,0
498066.726406,4230700.693757,497969.251000,4230769.319000,-0.975,0.687,157,228,83,500,0
498037.130834,4230096.269044,498009.615000,4230110.229000,-1.061,0.538,66,53,24,395,0
497427.438000,4229905.013000,497427.438000,4229905.013000,0.000,0.000,-1,6,6,748,1
498473.646947,4230190.369587,498440.661000,4230220.092000,-0.884,0.797,149,76,78,273,0
497912.136708,4230064.880529,497900.185000,4230071.422000,-1.047,0.573,88,34,91,340,0
498150.922690,4230137.365389,498161.673000,4230147.141000,0.880,0.801,114,52,81,271,0
497626.041342,4230234.464197,497538.054000,4230088.056000,-0.614,-1.021,75,33,27,146,0
498066.772347,4230505.265333,498072.040000,4230528.075000,0.269,1.166,36,77,12,913,0
497889.025499,4229968.371255,497873.890000,4229940.056000,-0.562,-1.052,161,97,86,489,0
498490.803178,4230454.905710,498488.849000,4230453.091000,-0.875,-0.813,267,189,165,586,0
498123.108105,4230140.607106,498074.139000,4230153.597000,-1.158,0.307,154,216,81,485,0
498212.029584,4230058.339216,498203.234000,4230065.801000,-0.906,0.769,217,129,146,543,0
498175.629990,4230166.413233,498206.504000,4230209.045000,0.694,0.958,113,59,52,744,0
497897.309601,4229856.921952,497883.667000,4229837.419000,-0.680,-0.972,168,92,99,390,0
497739.887938,4229521.039453,497746.848000,4229536.099000,0.495,1.071,92,40,37,714,0
498174.308550,4230647.050974,498163.971000,4230632.464000,-0.689,-0.973,302,221,230,188,0
497917.269159,4229868.958851,497944.949000,4229854.047000,1.048,-0.564,100,43,99,318,0
498128.499636,4230463.642164,498147.475000,4230455.936000,1.110,-0.451,34,16,12,524,0
498170.348275,4230123.443783,498163.859000,4230140.705000,-0.420,1.117,182,112,176,405,0
497834.451000,4229765.422000,497858.534000,4229801.365000,0.662,0.989,158,85,88,355,0
497890.866281,4230124.438278,497920.941000,4230109.253000,1.056,-0.533,20,9,8,91,0
497982.184000,4229979.862000,497914.352000,4230015.940000,-1.051,0.559,169,93,114,362,0
497457.800301,4229886.654241,497427.438000,4229905.013000,-1.015,0.614,5,6,1,223,0
497820.474421,4229746.240713,497834.451000,4229765.422000,0.645,0.886,164,88,100,243,0
497943.409199,4230000.485264,497914.352000,4230015.940000,-1.054,0.561,169,93,114,377,0
497427.438000,4229905.013000,497427.438000,4229905.013000,0.000,0.000,-1,6,6,425,1
497579.400406,4229575.383285,497623.276000,4229660.960000,0.544,1.061,11,3,29,449,0
498149.554225,4230398.435542,498159.540000,4230393.021000,1.046,-0.567,138,65,71,592,0
497427.438000,4229905.013000,497427.438000,4229905.013000,0.000,0.000,-1,6,6,464,1
498004.144174,4230378.370764,497973.515000,4230320.944000,-0.559,-1.048,55,19,50,649,0
498101.754529,4230676.058984,498163.971000,4230632.464000,0.975,-0.683,156,221,83,571,0
497427.438000,4229905.013000,497427.438000,4229905.013000,0.000,0.000,-1,6,6,365,1
497983.332684,4230339.351216,497973.515000,4230320.944000,-0.561,-1.052,55,19,50,455,0
498171.972445,4230139.199124,498163.859000,4230140.705000,-1.163,0.216,181,112,137,419,0
497975.089251,4230765.208718,498093.958000,4230681.522000,0.973,-0.685,157,83,228,722,0
498265.164449,4230410.415351,498249.267000,4230420.740000,-1.005,0.653,54,84,18,686,0
497917.269159,4229868.958851,497944.949000,4229854.047000,1.048,-0.564,100,43,99,432,0
497427.438000,4229905.013000,497427.438000,4229905.013000,0.000,0.000,-1,6,6,332,1
498394.314094,4230344.590118,498452.692000,4230420.699000,0.730,0.951,155,133,82,180,0
498292.273011,4230392.809610,498249.267000,4230420.740000,-0.998,0.648,54,84,18,701,0
498039.744370,4230088.271131,498022.732000,4230054.748000,-0.539,-1.061,67,79,24,149,0
497964.441901,4229952.668119,497982.184000,4229979.862000,0.650,0.997,187,114,208,466,0
498200.507140,4229854.763764,498222.881000,4229842.997000,0.961,-0.506,213,126,210,550,0
497835.413117,4229813.583937,497779.761000,4229842.995000,-1.050,0.555,98,42,85,1051,0
498238.341000,4230492.864000,498238.341000,4230492.864000,0.000,0.000,-1,149,149,618,1
497795.526539,4230180.580191,497647.526000,4230270.214000,-1.013,0.614,22,27,8,483,0
498119.770673,4230004.724777,498109.127000,4230041.745000,-0.328,1.141,293,197,210,371,0
497427.438000,4229905.013000,497427.438000,4229905.013000,0.000,0.000,-1,6,6,362,1
497903.772624,4229776.480293,497944.949000,4229854.047000,0.555,1.046,82,43,31,465,0
498076.707012,4229743.901722,498086.126000,4229762.585000,0.487,0.965,245,164,148,95,0
497555.832022,4230117.638076,497538.054000,4230088.056000,-0.608,-1.012,75,33,27,339,0
498238.341000,4230492.864000,498238.341000,4230492.864000,0.000,0.000,-1,149,149,430,1
498004.967227,4229930.843279,498023.758000,4229954.887000,0.730,0.934,99,56,43,409,0
497427.438000,4229905.013000,497427.438000,4229905.013000,0.000,0.000,-1,6,6,500,1
498683.917405,4230083.381866,498680.218000,4230067.596000,-0.270,-1.152,70,25,157,177,0
498238.341000,4230492.864000,498238.341000,4230492.864000,0.000,0.000,-1,149,149,401,1
497730.477261,4230407.601551,497756.906000,4230451.374000,0.611,1.011,73,26,27,164,0
498156.502642,4229589.066747,498123.277000,4229532.342000,-0.599,-1.023,300,219,209,482,0
497547.572782,4230103.894957,497538.054000,4230088.056000,-0.612,-1.019,75,33,27,439,0
497802.478009,4230176.370161,497874.991000,4230132.454000,1.014,-0.614,22,8,27,191,0
497427.438000,4229905.013000,497427.438000,4229905.013000,0.000,0.000,-1,6,6,430,1
498092.653433,4230189.281781,498074.139000,4230153.597000,-0.552,-1.064,283,216,177,268,0
497923.565683,4230351.231216,497791.913000,4230431.060000,-1.025,0.622,56,89,19,366,0
498558.600992,4229899.084806,498564.205000,4229909.503000,0.562,1.045,240,145,196,29,0
497427.438000,4229905.013000,497427.438000,4229905.013000,0.000,0.000,-1,6,6,266,1
498255.118520,4230221.456437,498364.061000,4230180.385000,1.111,-0.419,145,135,70,337,0
497870.905139,4229844.234361,497883.667000,4229837.419000,1.056,-0.564,97,92,41,717,0
498170.757706,4229613.403820,498225.039000,4229706.076000,0.598,1.021,300,209,219,682,0
498100.337221,4230204.091541,498074.139000,4230153.597000,-0.551,-1.062,283,216,177,432,0
498023.559338,4230136.475593,498043.506000,4230174.020000,0.562,1.058,116,128,53,308,0
498148.526705,4230548.883733,498153.011000,4230549.249000,1.177,0.096,144,161,69,618,0
497427.438000,4229905.013000,497427.438000,4229905.013000,0.000,0.000,-1,6,6,112,1
497947.115290,4230270.437714,497874.991000,4230132.454000,-0.549,-1.051,21,8,19,27,0
498433.203722,4230116.106414,498448.350000,4230143.420000,0.578,1.043,230,138,211,154,0
498139.757168,4230459.070321,498063.277000,4230490.130000,-1.103,0.448,34,12,16,59,0
498460.455256,4230165.470842,498448.350000,4230143.420000,-0.569,-1.036,229,138,185,173,0
497427.438000,4229905.013000,497427.438000,4229905.013000,0.000,0.000,-1,6,6,229,1
497875.260342,4229841.908502,497883.667000,4229837.419000,1.059,-0.565,97,92,41,503,0
498495.337755,4230227.553672,498474.531000,4230189.573000,-0.574,-1.048,151,78,139,241,0
498238.341000,4230492.864000,498238.341000,4230492.864000,0.000,0.000,-1,149,149,694,1
498402.992885,4230355.904896,498452.692000,4230420.699000,0.723,0.942,155,133,82,351,0
497948.170572,4230094.672656,497920.941000,4230109.253000,-1.043,0.558,25,9,79,556,0
498343.738167,4229954.209548,498328.994000,4229926.191000,-0.554,-1.053,235,218,141,686,0
498160.792577,4230146.340403,498147.401000,4230134.163000,-0.880,-0.801,114,81,52,260,0
498479.678070,4230198.968467,498508.506000,4230251.591000,0.572,1.044,151,139,78,518,0
497427.438000,4229905.013000,497427.438000,4229905.013000,0.000,0.000,-1,6,6,443,1
497953.318597,4230170.272294,497940.646000,4230147.195000,-0.570,-1.038,15,5,67,714,0
498470.065381,4229796.221113,498498.616000,4229781.915000,1.072,-0.537,292,204,195,345,0
498026.942382,4230292.683838,498054.473000,4230278.428000,1.057,-0.547,39,55,13,117,0
498016.349116,4230122.904223,498043.506000,4230174.020000,0.562,1.058,116,128,53,249,0
497806.277859,4229675.397367,497821.294000,4229666.452000,1.016,-0.605,19,7,36,502,0
498176.795864,4230099.800378,498094.871000,4230093.565000,-1.187,-0.090,123,57,176,630,0
498390.024549,4230446.724897,498354.309000,4230436.474000,-1.137,-0.326,279,173,207,632,0
498572.866174,4230370.599977,498543.532000,4230316.272000,-0.561,-1.039,199,121,120,566,0
498136.060538,4229948.066290,498109.127000,4230041.745000,-0.331,1.151,293,197,210,785,0
498530.035863,4230685.426827,498436.390000,4230763.779000,-0.916,0.767,305,227,222,210,0
497427.438000,4229905.013000,497427.438000,4229905.013000,0.000,0.000,-1,6,6,120,1
498439.250378,4230552.265256,498416.654000,4230549.193000,-1.185,-0.161,222,134,229,461,0
497784.720193,4230581.019264,497828.101000,4230569.634000,1.157,-0.304,180,109,108,162,0
497427.438000,4229905.013000,497427.438000,4229905.013000,0.000,0.000,-1,6,6,467,1
497717.100539,4229837.979455,497774.274000,4229945.631000,0.559,1.053,6,44,1,551,0
498234.526148,4230258.698039,498226.207000,4230242.327000,-0.535,-1.053,62,21,74,185,0
497670.567419,4230008.159193,497774.274000,4229945.631000,1.014,-0.611,87,44,33,461,0
498198.992912,4230110.026647,498179.169000,4230099.981000,-1.057,-0.535,226,176,137,711,0
498029.758305,4230050.889936,498022.732000,4230054.748000,-1.043,0.573,59,79,20,616,0
498048.515633,4230040.590500,498022.732000,4230054.748000,-1.036,0.569,59,79,20,476,0
498026.957389,4230142.871541,498043.506000,4230174.020000,0.562,1.059,116,128,53,459,0
498337.312398,4229941.998569,498346.509000,4229959.475000,0.555,1.054,235,141,218,297,0
498009.257024,4230301.984871,498020.602000,4230295.967000,1.051,-0.557,38,13,19,632,0
498364.148725,4229908.345975,498337.734000,4229856.842000,-0.542,-1.056,256,160,156,603,0
498265.138259,4230337.546018,498280.942000,4230368.029000,0.547,1.055,129,68,61,308,0
497998.358841,4230253.892346,497975.676000,4230210.986000,-0.555,-1.049,40,67,13,716,0
497427.438000,4229905.013000,497427.438000,4229905.013000,0.000,0.000,-1,6,6,433,1
497427.438000,4229905.013000,497427.438000,4229905.013000,0.000,0.000,-1,6,6,594,1
498238.341000,4230492.864000,498238.341000,4230492.864000,0.000,0.000,-1,149,149,406,1
498104.114276,4230252.661412,498089.483000,4230259.890000,-1.065,0.526,33,11,177,711,0
497692.255136,4229676.904023,497719.589000,4229727.506000,0.566,1.047,9,2,39,251,0
498286.887813,4229836.654224,498328.994000,4229926.191000,0.506,1.076,301,218,214,387,0
498060.351305,4230288.964983,498054.473000,4230278.428000,-0.582,-1.043,119,55,131,619,0
498309.096830,4230114.360714,498261.198000,4230138.798000,-1.053,0.537,238,154,144,280,0
497804.221007,4229723.742124,497808.180000,4229729.368000,0.689,0.979,91,100,36,392,0
497888.055613,4230048.272612,497841.068000,4229958.595000,-0.554,-1.058,80,30,34,472,0
497965.688061,4230305.969986,497973.515000,4230320.944000,0.555,1.062,21,19,8,350,0
498079.025760,4230265.427170,498054.473000,4230278.428000,-1.045,0.553,30,55,11,317,0
498496.810560,4230246.161054,498508.506000,4230251.591000,1.077,0.500,150,139,76,474,0
497967.409695,4230324.646006,497791.913000,4230431.060000,-1.018,0.617,56,89,19,784,0
498169.909372,4230280.123399,498115.754000,4230308.926000,-1.053,0.560,140,132,66,377,0
498098.790148,4230201.109707,498121.166000,4230244.237000,0.548,1.056,283,177,216,253,0
498037.255425,4229984.528199,498023.758000,4229954.887000,-0.495,-1.088,57,56,20,323,0
498044.361770,4229679.609481,498045.576000,4229682.151000,0.470,0.984,244,148,153,493,0
498068.828392,4230000.743506,498109.127000,4230041.745000,0.836,0.851,121,197,56,599,0
497780.927812,4230189.421642,497874.991000,4230132.454000,1.015,-0.615,22,8,27,610,0
498238.341000,4230492.864000,498238.341000,4230492.864000,0.000,0.000,-1,149,149,256,1
498142.985337,4229856.316308,498156.184000,4229878.074000,0.618,1.018,265,210,164,568,0
498135.018109,4230406.557377,498124.531000,4230412.446000,-1.037,0.582,65,23,71,305,0
498158.765159,4230308.230032,498123.374000,4230327.454000,-1.046,0.568,47,15,80,869,0
498369.555167,4230085.744288,498407.807000,4230070.308000,1.099,-0.443,285,211,179,691,0
498446.041594,4230139.257205,498407.807000,4230070.308000,-0.577,-1.041,230,211,138,40,0
498600.287523,4230161.054038,498612.393000,4230154.486000,1.040,-0.564,272,167,192,132,0
497427.438000,4229905.013000,497427.438000,4229905.013000,0.000,0.000,-1,6,6,337,1
497427.438000,4229905.013000,497427.438000,4229905.013000,0.000,0.000,-1,6,6,244,1
498079.407675,4230241.072587,498043.506000,4230174.020000,-0.558,-1.042,31,128,11,436,0
498109.127000,4230041.745000,498023.758000,4229954.887000,-0.834,-0.849,121,56,197,545,0
498333.040711,4230027.251605,498359.666000,4230089.735000,0.468,1.097,284,179,182,508,0
498153.966001,4230079.026118,498179.169000,4230099.981000,0.918,0.763,282,176,197,57,0
497741.104815,4229625.762840,497749.067000,4229645.169000,0.448,1.092,2,94,0,450,0
497926.640479,4229898.744431,497932.969000,4229907.753000,0.686,0.976,171,96,99,232,0
497905.133868,4229973.334545,497959.240000,4229944.695000,1.048,-0.555,162,208,86,294,0
498087.379667,4230261.003727,498054.473000,4230278.428000,-1.052,0.557,30,55,11,578,0
498195.173164,4230264.551339,498183.585000,4230272.850000,-0.972,0.696,60,66,21,606,0
497843.829470,4229963.865368,497900.185000,4230071.422000,0.552,1.054,80,34,30,119,0
497740.917264,4229965.742901,497774.274000,4229945.631000,1.027,-0.620,87,44,33,36,0
497427.438000,4229905.013000,497427.438000,4229905.013000,0.000,0.000,-1,6,6,489,1
497852.620963,4229702.681981,497821.294000,4229666.452000,-0.774,-0.895,17,7,31,175,0
498073.438127,4230537.491775,498074.231000,4230542.832000,0.175,1.177,142,69,77,312,0
497790.153725,4229615.690644,497757.798000,4229562.948000,-0.624,-1.017,18,35,7,149,0
498238.341000,4230492.864000,498238.341000,4230492.864000,0.000,0.000,-1,149,149,233,1
498238.341000,4230492.864000,498238.341000,4230492.864000,0.000,0.000,-1,149,149,558,1
498219.095266,4230120.213392,498179.169000,4230099.981000,-1.054,-0.534,226,176,137,560,0
498075.052416,4230059.962855,498094.871000,4230093.565000,0.607,1.029,58,57,20,552,0
498438.409083,4230224.061570,498440.661000,4230220.092000,0.586,-1.032,133,76,63,598,0
498300.916764,4230154.856099,498364.061000,4230180.385000,1.098,0.444,223,135,154,67,0
498174.492239,4229868.445409,498156.184000,4229878.074000,-1.047,0.551,213,210,126,50,0
497555.858652,4230117.682386,497647.526000,4230270.214000,0.618,1.028,75,27,33,288,0
498449.070748,4230415.977874,498373.980000,4230318.080000,-0.724,-0.944,155,82,133,245,0
498106.188332,4230038.755076,498109.127000,4230041.745000,0.829,0.843,121,197,56,799,0
498263.032584,4230034.752584,498251.373000,4230038.939000,-1.119,0.402,198,119,212,250,0
498143.634714,4230131.252212,498094.871000,4230093.565000,-0.942,-0.728,122,57,81,518,0
498115.918949,4230331.314356,498123.374000,4230327.454000,1.064,-0.551,46,15,73,424,0
498063.004723,4230132.516965,498074.139000,4230153.597000,0.558,1.056,68,216,24,221,0
498000.804889,4229925.517363,497944.949000,4229854.047000,-0.674,-0.863,99,43,56,358,0
497877.010213,4230027.192055,497841.068000,4229958.595000,-0.549,-1.049,80,30,34,389,0
497427.438000,4229905.013000,497427.438000,4229905.013000,0.000,0.000,-1,6,6,612,1
498558.968946,4230091.495323,498481.085000,4230126.770000,-1.076,0.487,211,125,170,186,0
497968.030465,4229883.580873,497944.949000,4229854.047000,-0.738,-0.945,99,43,56,514,0
497451.801493,4229945.328748,497427.438000,4229905.013000,-0.614,-1.015,16,6,33,220,0
498338.814034,4230099.623299,498354.239000,4230092.510000,1.081,-0.498,239,169,144,288,0
497802.507278,4229930.654555,497774.274000,4229945.631000,-1.044,0.554,85,44,32,141,0
497775.197293,4230583.518543,497732.875000,4230594.626000,-1.155,0.303,180,108,109,273,0
498140.710284,4229931.893804,498109.127000,4230041.745000,-0.328,1.141,293,197,210,132,0
498123.210564,4230661.024774,498163.971000,4230632.464000,0.972,-0.681,156,221,83,252,0
498137.930434,4229941.562522,498156.184000,4229878.074000,0.327,-1.136,293,210,197,551,0
497427.438000,4229905.013000,497427.438000,4229905.013000,0.000,0.000,-1,6,6,618,1
497584.341981,4229585.021531,497573.962000,4229564.776000,-0.544,-1.061,11,29,3,269,0
497787.883896,4229838.702207,497779.761000,4229842.995000,-1.059,0.560,98,42,85,391,0
498549.579282,4229882.312896,498546.779000,4229877.107000,-0.565,-1.051,240,196,145,734,0
498147.934163,4230370.887218,498143.077000,4230361.624000,-0.550,-1.049,63,22,65,356,0
498040.714396,4230168.765531,498009.615000,4230110.229000,-0.558,-1.051,116,53,128,376,0
497427.438000,4229905.013000,497427.438000,4229905.013000,0.000,0.000,-1,6,6,341,1
498248.080442,4230297.032956,498239.343000,4230268.177000,-0.347,-1.147,130,74,61,469,0
497732.701573,4229593.110304,497729.357000,4229597.130000,-0.757,0.910,1,0,35,523,0
498040.821422,4230090.393479,498022.732000,4230054.748000,-0.539,-1.061,67,79,24,351,0
497986.045126,4230205.325255,498009.635000,4230192.447000,1.036,-0.566,141,168,67,646,0
498745.208407,4230372.344576,498795.192000,4230330.988000,0.917,-0.759,270,166,206,166,0
498039.619131,4230417.164785,498074.197000,4230397.701000,1.033,-0.581,43,14,50,262,0
498387.107000,4230303.320000,498402.422000,4230284.898000,0.761,-0.915,118,54,75,290,0
498446.223422,4230276.197300,498483.303000,4230287.656000,1.142,0.353,135,220,63,544,0
497902.765234,4229864.721122,497883.667000,4229837.419000,-0.680,-0.973,168,92,99,450,0
498521.020986,4229826.627552,498513.941000,4229812.425000,-0.485,-0.973,208,171,124,127,0
498185.190603,4230549.242165,498416.654000,4230549.193000,1.198,-0.000,221,134,161,253,0
498062.998445,4230132.505078,498042.437000,4230093.577000,-0.559,-1.057,68,24,216,370,0
497785.731281,4229966.883456,497774.274000,4229945.631000,-0.565,-1.047,23,44,8,146,0
498197.702984,4230212.674396,498121.166000,4230244.237000,-1.100,0.454,127,177,59,374,0
497608.686163,4229632.503398,497623.276000,4229660.960000,0.541,1.055,11,3,29,209,0
498153.553471,4229887.223356,498109.127000,4230041.745000,-0.329,1.144,293,197,210,628,0
498261.477267,4230219.059182,498221.828000,4230234.007000,-1.119,0.422,145,70,135,301,0
498238.341000,4230492.864000,498238.341000,4230492.864000,0.000,0.000,-1,149,149,338,1
498362.540702,4230088.574932,498359.666000,4230089.735000,-1.105,0.446,285,179,211,326,0
497803.607134,4229830.392782,497779.761000,4229842.995000,-1.061,0.561,98,42,85,314,0
497613.871824,4230214.214498,497538.054000,4230088.056000,-0.612,-1.019,75,33,27,449,0
497833.247743,4229943.537851,497821.362000,4229920.653000,-0.503,-0.969,79,32,30,705,0
498226.060495,4229708.225639,498267.690000,4229795.831000,0.511,1.075,299,214,209,166,0
498523.938647,4230280.722743,498543.532000,4230316.272000,0.574,1.042,200,121,159,156,0
497880.022150,4229951.527930,497873.890000,4229940.056000,-0.560,-1.048,161,97,86,200,0
498269.725015,4230310.426852,498253.621000,4230315.331000,-1.143,0.348,128,61,63,593,0
497427.438000,4229905.013000,497427.438000,4229905.013000,0.000,0.000,-1,6,6,574,1
497912.422316,4230204.065270,497874.991000,4230132.454000,-0.552,-1.055,21,8,19,577,0
498417.203239,4230261.442212,498414.410000,4230266.366000,-0.583,1.028,133,63,76,550,0
497746.125774,4229711.495491,497780.857000,4229690.541000,1.022,-0.616,8,36,2,297,0
497880.080124,4229951.636388,497894.646000,4229978.886000,0.563,1.053,161,86,97,289,0
498013.875195,4230118.247710,498009.615000,4230110.229000,-0.556,-1.046,116,53,128,59,0
498028.032844,4230227.726562,498009.635000,4230192.447000,-0.551,-1.057,120,168,55,220,0
498238.341000,4230492.864000,498238.341000,4230492.864000,0.000,0.000,-1,149,149,126,1
498073.583218,4230152.544762,498042.437000,4230093.577000,-0.556,-1.052,68,24,216,490,0
497655.850558,4230284.001502,497647.526000,4230270.214000,-0.617,-1.021,73,27,26,368,0
497427.438000,4229905.013000,497427.438000,4229905.013000,0.000,0.000,-1,6,6,519,1
497846.692792,4230595.976661,497828.101000,4230569.634000,-0.686,-0.972,178,109,106,137,0
497928.577203,4230123.956517,497940.646000,4230147.195000,0.544,1.047,13,5,9,475,0
498221.999894,4230049.880845,498203.234000,4230065.801000,-0.907,0.770,217,129,146,256,0
497916.101984,4230355.756897,497973.515000,4230320.944000,1.022,-0.620,56,19,89,562,0
497758.300164,4229955.262164,497774.274000,4229945.631000,1.014,-0.611,87,44,33,809,0
497645.805911,4230267.351826,497647.526000,4230270.214000,0.610,1.016,75,27,33,176,0
498126.806493,4230303.047718,498115.754000,4230308.926000,-1.045,0.556,140,132,66,715,0
498191.374617,4229648.602209,498123.277000,4229532.342000,-0.603,-1.029,300,219,209,302,0
498238.341000,4230492.864000,498238.341000,4230492.864000,0.000,0.000,-1,149,149,372,1
497938.864765,4229955.480052,497959.240000,4229944.695000,1.053,-0.557,162,208,86,169,0
498524.002697,4230280.838952,498521.641000,4230276.554000,-0.577,-1.046,200,159,121,628,0
497427.438000,4229905.013000,497427.438000,4229905.013000,0.000,0.000,-1,6,6,224,1
497916.751256,4230695.188677,497969.251000,4230769.319000,0.685,0.968,179,228,106,343,0
498167.971393,4230300.868841,498166.085000,4230304.254000,-0.581,1.043,139,80,66,136,0
497948.222918,4230094.644627,497920.941000,4230109.253000,-1.047,0.560,25,9,79,555,0
498082.390344,4230280.133766,498071.988000,4230309.824000,-0.395,1.126,32,131,11,101,0
498182.638283,4229864.161277,498156.184000,4229878.074000,-0.972,0.511,213,210,126,210,0
498253.528440,4230135.582228,498233.885000,4230127.708000,-1.105,-0.443,227,137,187,479,0
498121.563495,4230323.051765,498115.754000,4230308.926000,-0.453,-1.101,48,132,15,515,0
498041.045992,4230090.835998,498042.437000,4230093.577000,0.537,1.059,67,24,79,503,0
498130.020534,4230338.980777,498123.374000,4230327.454000,-0.593,-1.029,45,15,22,177,0
497427.438000,4229905.013000,497427.438000,4229905.013000,0.000,0.000,-1,6,6,193,1
497933.492867,4229860.218717,497908.888000,4229873.474000,-1.040,0.560,100,99,43,441,0
498209.586106,4230060.412155,498228.352000,4230044.492000,0.907,-0.770,217,146,129,187,0
497859.357539,4229948.264436,497841.068000,4229958.595000,-1.039,0.587,81,30,97,505,0
497427.438000,4229905.013000,497427.438000,4229905.013000,0.000,0.000,-1,6,6,509,1
497974.136452,4229891.393784,498023.758000,4229954.887000,0.730,0.934,99,56,43,387,0
497874.991000,4230132.454000,497920.941000,4230109.253000,1.062,-0.536,20,9,8,820,0
498431.282147,4230236.624591,498414.410000,4230266.366000,-0.585,1.032,133,63,76,225,0
498503.460795,4229791.560330,498513.941000,4229812.425000,0.538,1.072,277,171,204,463,0
497765.852972,4229576.078305,497757.798000,4229562.948000,-0.626,-1.021,18,35,7,123,0
498085.214953,4230391.930171,498074.197000,4230397.701000,-1.058,0.554,42,14,22,432,0
497608.420139,4229543.988716,497573.962000,4229564.776000,-1.015,0.612,78,29,37,277,0
498461.521254,4230167.412655,498470.154000,4230183.138000,0.568,1.035,229,185,138,584,0
498278.221642,4230145.680574,498261.198000,4230138.798000,-1.098,-0.444,223,154,135,423,0
498542.695184,4230227.717131,498539.139000,4230229.394000,-1.084,0.511,184,113,190,182,0
497905.745462,4229875.167917,497821.362000,4229920.653000,-1.048,0.565,86,32,99,302,0
498073.981889,4229738.496235,498086.126000,4229762.585000,0.539,1.070,245,164,148,656,0
498032.656024,4230179.922764,498043.506000,4230174.020000,1.040,-0.566,216,128,168,291,0
497427.438000,4229905.013000,497427.438000,4229905.013000,0.000,0.000,-1,6,6,899,1
498030.167807,4229649.899915,498029.198000,4229647.870000,-0.513,-1.074,244,153,148,181,0
498267.179253,4229794.756180,498225.039000,4229706.076000,-0.511,-1.075,299,209,214,877,0
498142.074881,4230069.139318,498179.169000,4230099.981000,0.908,0.755,282,176,197,22,0
497757.348611,4229561.846115,497746.848000,4229536.099000,-0.449,-1.102,89,40,35,122,0
497427.438000,4229905.013000,497427.438000,4229905.013000,0.000,0.000,-1,6,6,161,1
497885.713308,4229840.344325,497908.888000,4229873.474000,0.682,0.975,168,99,92,622,0
497936.627077,4229956.664509,497959.240000,4229944.695000,1.050,-0.556,162,208,86,109,0
498128.866889,4230241.061279,498206.504000,4230209.045000,1.100,-0.454,127,59,177,542,0
498163.108900,4230149.123734,498161.673000,4230147.141000,-0.703,-0.970,113,52,59,1237,0
497820.066767,4229664.451504,497821.294000,4229666.452000,0.626,1.021,18,7,35,187,0
498087.982335,4230639.510288,498093.958000,4230681.522000,0.167,1.176,143,83,69,585,0
497427.438000,4229905.013000,497427.438000,4229905.013000,0.000,0.000,-1,6,6,601,1
497427.438000,4229905.013000,497427.438000,4229905.013000,0.000,0.000,-1,6,6,491,1
497427.438000,4229905.013000,497427.438000,4229905.013000,0.000,0.000,-1,6,6,313,1
497764.101040,4230447.176345,497774.410000,4230441.162000,1.028,-0.600,74,90,26,502,0
497704.122450,4229813.543093,497673.639000,4229756.146000,-0.557,-1.048,6,1,44,296,0
498341.830000,4230000.834181,498324.634000,4230007.523000,-1.112,0.432,247,182,151,279,0
498452.358609,4230150.722051,498470.154000,4230183.138000,0.573,1.043,229,185,138,236,0
498310.084989,4230113.856570,498330.169000,4230103.610000,1.064,-0.543,238,144,154,398,0
497427.438000,4229905.013000,497427.438000,4229905.013000,0.000,0.000,-1,6,6,604,1
498021.672852,4230052.708556,498022.732000,4230054.748000,0.553,1.064,153,79,183,645,0
497427.438000,4229905.013000,497427.438000,4229905.013000,0.000,0.000,-1,6,6,677,1
497427.438000,4229905.013000,497427.438000,4229905.013000,0.000,0.000,-1,6,6,144,1
498123.267149,4230095.726258,498179.169000,4230099.981000,1.183,0.090,123,176,57,297,0
497776.713630,4230483.702510,497823.722000,4230560.426000,0.618,1.009,27,10,26,606,0
497930.269995,4230127.215990,497940.646000,4230147.195000,0.549,1.057,13,5,9,169,0
498032.404362,4230236.109352,498009.635000,4230192.447000,-0.554,-1.063,120,168,55,81,0
498338.999860,4229945.205276,498346.509000,4229959.475000,0.550,1.046,235,141,218,239,0
497427.438000,4229905.013000,497427.438000,4229905.013000,0.000,0.000,-1,6,6,251,1
498527.938904,4230287.980620,498543.532000,4230316.272000,0.572,1.038,200,121,159,323,0
498238.341000,4230492.864000,498238.341000,4230492.864000,0.000,0.000,-1,149,149,491,1
498180.539147,4230098.034953,498203.234000,4230065.801000,0.685,-0.973,218,129,176,267,0
498238.341000,4230492.864000,498238.341000,4230492.864000,0.000,0.000,-1,149,149,249,1
498238.341000,4230492.864000,498238.341000,4230492.864000,0.000,0.000,-1,149,149,163,1
498044.318260,4229679.518408,498045.576000,4229682.151000,0.467,0.977,244,148,153,155,0
497826.053983,4229769.907588,497760.054000,4229805.164000,-1.050,0.561,94,38,88,218,0
497998.008455,4230366.866879,497973.515000,4230320.944000,-0.558,-1.047,55,19,50,508,0
498159.810851,4230307.662027,498123.374000,4230327.454000,-1.046,0.568,47,15,80,593,0
498314.211837,4230111.751112,498330.169000,4230103.610000,1.060,-0.541,238,144,154,301,0
498119.667685,4230050.508989,498109.127000,4230041.745000,-0.921,-0.766,282,197,176,500,0
497640.694741,4229650.439992,497623.276000,4229660.960000,-1.014,0.613,10,3,4,678,0
498400.130034,4230236.646513,498414.410000,4230266.366000,0.519,1.081,134,63,163,353,0
497821.294000,4229666.452000,497780.857000,4229690.541000,-1.022,0.609,19,36,7,329,0
497804.970016,4230002.569965,497774.274000,4229945.631000,-0.568,-1.053,23,44,8,256,0
497908.535990,4230066.851293,497934.057000,4230052.883000,1.044,-0.571,88,91,34,748,0
497670.900095,4230308.927211,497756.906000,4230451.374000,0.611,1.012,73,26,27,563,0
497812.935668,4229904.956106,497800.518000,4229881.824000,-0.561,-1.045,84,41,32,464,0
498485.600611,4230458.076024,498476.773000,4230471.623000,-0.650,0.997,289,207,189,611,0
498238.341000,4230492.864000,498238.341000,4230492.864000,0.000,0.000,-1,149,149,660,1
498030.546398,4230314.911217,498055.544000,4230362.532000,0.552,1.051,37,17,13,246,0
498058.943874,4229708.667192,498086.126000,4229762.585000,0.538,1.066,245,164,148,455,0
498405.130902,4230247.054328,498371.763000,4230177.609000,-0.516,-1.073,134,163,63,618,0
497427.438000,4229905.013000,497427.438000,4229905.013000,0.000,0.000,-1,6,6,224,1
497427.438000,4229905.013000,497427.438000,4229905.013000,0.000,0.000,-1,6,6,324,1
498045.215912,4230098.838192,498074.139000,4230153.597000,0.556,1.052,68,216,24,397,0
498366.287202,4230087.063055,498407.807000,4230070.308000,1.104,-0.445,285,211,179,119,0
498076.789657,4230062.908323,498094.871000,4230093.565000,0.601,1.018,58,57,20,134,0
498207.913682,4229850.868547,498222.881000,4229842.997000,0.961,-0.506,213,126,210,551,0
497586.499007,4230168.666984,497647.526000,4230270.214000,0.611,1.017,75,27,33,283,0
498092.273372,4230188.549251,498121.166000,4230244.237000,0.553,1.065,283,177,216,397,0
498296.265000,4230390.217000,498280.942000,4230368.029000,-0.676,-0.979,53,68,18,213,0
498013.270617,4229941.467877,498023.758000,4229954.887000,0.675,0.863,99,56,43,66,0
497846.316951,4230398.071677,497791.913000,4230431.060000,-1.025,0.621,56,89,19,502,0
498003.816680,4230377.756743,498028.249000,4230423.565000,0.559,1.048,55,50,19,30,0
498235.569297,4230260.750826,498226.207000,4230242.327000,-0.539,-1.061,62,21,74,445,0
498493.823911,4230307.722550,498499.765000,4230319.054000,0.555,1.059,191,116,220,271,0
498033.015432,4230179.727233,498009.635000,4230192.447000,-1.049,0.571,216,168,128,400,0
498306.112870,4230381.329410,498296.265000,4230390.217000,-0.883,0.797,52,18,58,483,0
497828.510507,4229757.269340,497834.451000,4229765.422000,0.705,0.968,164,88,100,584,0
498207.126578,4230210.059148,498221.828000,4230234.007000,0.623,1.014,126,70,59,224,0
498489.720999,4230453.900765,498511.786000,4230474.391000,0.872,0.810,267,165,189,274,0
498018.534028,4230187.605620,498009.635000,4230192.447000,-1.038,0.565,216,168,128,463,0
497726.695047,4230222.266720,497647.526000,4230270.214000,-1.015,0.615,22,27,8,949,0
498175.508447,4230287.343491,498166.085000,4230304.254000,-0.576,1.033,139,80,66,153,0
498056.792020,4230282.584891,498071.988000,4230309.824000,0.580,1.039,119,131,55,353,0
498027.208053,4230308.551623,498055.544000,4230362.532000,0.550,1.047,37,17,13,249,0
497427.438000,4229905.013000,497427.438000,4229905.013000,0.000,0.000,-1,6,6,386,1
498002.442923,4230261.617702,498020.602000,4230295.967000,0.559,1.058,40,13,67,331,0
497427.438000,4229905.013000,497427.438000,4229905.013000,0.000,0.000,-1,6,6,383,1
498107.405085,4230251.035586,498089.483000,4230259.890000,-1.055,0.521,33,11,177,621,0
498083.439881,4230415.421977,498074.197000,4230397.701000,-0.548,-1.051,44,14,60,162,0
497817.716499,4229822.936256,497858.534000,4229801.365000,1.057,-0.559,98,85,42,284,0
498238.341000,4230492.864000,498238.341000,4230492.864000,0.000,0.000,-1,149,149,86,1
498032.183896,4230073.373103,498022.732000,4230054.748000,-0.541,-1.065,67,79,24,948,0
498068.289939,4230488.094175,498063.277000,4230490.130000,-1.094,0.444,34,12,16,273,0
498238.341000,4230492.864000,498238.341000,4230492.864000,0.000,0.000,-1,149,149,313,1
497844.878432,4229759.727083,497883.641000,4229738.557000,1.043,-0.569,83,31,88,221,0
498195.087474,4230549.240063,498153.011000,4230549.249000,-1.198,0.000,221,161,134,432,0
498246.085184,4229750.365705,498267.690000,4229795.831000,0.513,1.081,299,214,209,764,0
497775.965722,4229835.709307,497779.761000,4229842.995000,0.550,1.056,93,42,38,452,0
497629.799983,4230240.718459,497538.054000,4230088.056000,-0.614,-1.022,75,33,27,398,0
497738.483234,4229878.240795,497774.274000,4229945.631000,0.561,1.055,6,44,1,642,0
497864.893395,4229945.137593,497873.890000,4229940.056000,1.040,-0.587,81,97,30,710,0
497793.422545,4229737.287674,497739.296000,4229766.335000,-1.057,0.567,77,28,100,612,0
497622.733080,4229659.901067,497573.962000,4229564.776000,-0.543,-1.059,11,29,3,65,0
498433.914141,4230396.217788,498452.692000,4230420.699000,0.721,0.940,155,133,82,342,0
498075.178134,4230155.599831,498074.139000,4230153.597000,-0.551,-1.061,283,216,177,500,0
498467.806457,4230178.861733,498470.154000,4230183.138000,0.570,1.038,229,185,138,416,0
498311.937423,4230159.311697,498364.061000,4230180.385000,1.094,0.442,223,135,154,220,0
498312.807071,4229891.770275,498267.690000,4229795.831000,-0.504,-1.073,301,214,218,323,0
497828.135371,4229867.075183,497800.518000,4229881.824000,-1.051,0.561,97,41,92,394,0
497928.287152,4229961.079011,497959.240000,4229944.695000,1.049,-0.555,162,208,86,470,0
498190.474797,4230441.637933,498214.257000,4230433.730000,1.135,-0.378,50,64,16,536,0
497855.469641,4229705.976510,497883.641000,4229738.557000,0.773,0.894,17,31,7,188,0
498076.675288,4229743.838795,498086.126000,4229762.585000,0.493,0.978,245,164,148,701,0
497896.214997,4230063.845102,497900.185000,4230071.422000,0.549,1.048,80,34,30,569,0
497874.783488,4229824.675351,497858.534000,4229801.365000,-0.685,-0.982,159,85,92,629,0
497803.784298,4229637.909663,497821.294000,4229666.452000,0.618,1.007,18,7,35,162,0
498138.875475,4230127.574018,498094.871000,4230093.565000,-0.947,-0.732,122,57,81,274,0
498273.842186,4230354.334552,498253.621000,4230315.331000,-0.545,-1.052,129,61,68,230,0
498040.760148,4230285.528756,498020.602000,4230295.967000,-1.054,0.546,39,13,55,331,0
498238.341000,4230492.864000,498238.341000,4230492.864000,0.000,0.000,-1,149,149,480,1
498133.504030,4229956.958192,498156.184000,4229878.074000,0.331,-1.151,293,210,197,425,0
497749.073696,4229573.433361,497757.798000,4229562.948000,0.758,-0.911,1,35,0,349,0
498083.173000,4230263.231182,498054.473000,4230278.428000,-1.052,0.557,30,55,11,414,0
497926.672099,4229863.893243,497944.949000,4229854.047000,1.045,-0.563,100,43,99,298,0
497754.895011,4229957.315246,497774.274000,4229945.631000,1.012,-0.610,87,44,33,184,0
497427.438000,4229905.013000,497427.438000,4229905.013000,0.000,0.000,-1,6,6,399,1
498032.617653,4229974.343359,498059.930000,4230034.323000,0.491,1.079,57,20,56,316,0
498539.150187,4229862.994988,498513.941000,4229812.425000,-0.531,-1.065,208,171,124,271,0
498268.920720,4230141.920257,498364.061000,4230180.385000,1.103,0.446,223,135,154,631,0
498271.005787,4230215.466919,498364.061000,4230180.385000,1.023,-0.386,145,135,70,477,0
498230.700531,4230126.094290,498179.169000,4230099.981000,-1.061,-0.538,226,176,137,499,0
497880.882949,4230143.726111,497874.991000,4230132.454000,-0.552,-1.056,21,8,19,729,0
497427.438000,4229905.013000,497427.438000,4229905.013000,0.000,0.000,-1,6,6,180,1
498197.642948,4229717.220554,498086.126000,4229762.585000,-1.093,0.445,264,164,209,933,0
498238.341000,4230492.864000,498238.341000,4230492.864000,0.000,0.000,-1,149,149,678,1
498081.691216,4230151.593645,498074.139000,4230153.597000,-1.156,0.307,154,216,81,851,0
498140.084806,4229561.037263,498123.277000,4229532.342000,-0.605,-1.032,300,219,209,533,0
497976.668776,4230319.271099,498020.602000,4230295.967000,1.051,-0.558,38,13,19,356,0
498238.341000,4230492.864000,498238.341000,4230492.864000,0.000,0.000,-1,149,149,484,1
498054.292662,4230360.148183,498055.544000,4230362.532000,0.551,1.050,37,17,13,336,0
498326.621902,4230399.077855,498310.530000,4230377.343000,-0.713,-0.963,125,58,173,488,0
497969.714270,4229986.494311,497982.184000,4229979.862000,1.045,-0.556,169,114,93,516,0
497795.735849,4229736.046226,497808.180000,4229729.368000,1.045,-0.561,77,100,28,874,0
498328.568096,4230005.992734,498324.634000,4230007.523000,-1.101,0.428,247,182,151,106,0
498204.061626,4229714.609474,498225.039000,4229706.076000,1.108,-0.451,264,209,164,447,0
498380.041672,4230173.913340,498371.763000,4230177.609000,-1.078,0.481,228,163,138,476,0
497812.135533,4229925.547213,497821.362000,4229920.653000,1.055,-0.559,85,32,44,188,0
498089.483000,4230259.890000,498121.166000,4230244.237000,1.067,-0.527,33,177,11,586,0
498035.866552,4230159.640724,498043.506000,4230174.020000,0.562,1.057,116,128,53,234,0
498126.906542,4230302.994507,498115.754000,4230308.926000,-1.058,0.562,140,132,66,279,0
497956.205126,4230750.898056,497905.770000,4230679.683000,-0.691,-0.976,179,106,228,448,0
498238.341000,4230492.864000,498238.341000,4230492.864000,0.000,0.000,-1,149,149,52,1
497760.086165,4230667.001889,497764.671000,4230676.059000,0.535,1.056,102,102,45,292,0
498113.508129,4230229.477193,498121.166000,4230244.237000,0.545,1.051,283,177,216,635,0
498680.218000,4230067.596000,498699.927000,4230151.697000,0.272,1.159,70,157,25,688,0
497886.197696,4229841.036788,497883.667000,4229837.419000,-0.630,-0.901,168,92,99,612,0
498011.913231,4230279.531522,498020.602000,4230295.967000,0.559,1.058,40,13,67,129,0
497837.123869,4230403.645984,497791.913000,4230431.060000,-1.011,0.613,56,89,19,579,0
497897.396983,4229857.046872,497908.888000,4229873.474000,0.621,0.887,168,99,92,247,0
497427.438000,4229905.013000,497427.438000,4229905.013000,0.000,0.000,-1,6,6,353,1
498539.367535,4230395.721446,498539.170000,4230399.490000,-0.063,1.196,201,217,121,201,0
498385.690982,4230029.572853,498365.161000,4229991.759000,-0.564,-1.038,249,151,211,632,0
498173.219145,4230138.967734,498233.885000,4230127.708000,1.170,-0.217,181,137,112,242,0
498557.642025,4230342.404288,498594.930000,4230411.463000,0.567,1.050,199,120,121,50,0
498116.653383,4230015.567161,498109.127000,4230041.745000,-0.331,1.153,293,197,210,65,0
498254.633000,4230136.025000,498233.885000,4230127.708000,-1.105,-0.443,227,137,187,445,0
498435.294533,4230398.017444,498373.980000,4230318.080000,-0.727,-0.948,155,82,133,421,0
497844.859751,4229759.737286,497883.641000,4229738.557000,1.040,-0.568,83,31,88,695,0
497948.985573,4229997.519343,497982.184000,4229979.862000,1.050,-0.559,169,114,93,535,0
498126.762002,4230411.193268,498124.531000,4230412.446000,-1.030,0.579,65,23,71,218,0
498475.659435,4230730.922818,498644.241000,4230589.873000,0.920,-0.770,305,222,227,633,0
497991.398083,4230202.402953,498009.635000,4230192.447000,1.051,-0.574,141,168,67,232,0
498351.189349,4230549.206905,498153.011000,4230549.249000,-1.191,0.000,221,161,134,492,0
498492.728530,4230305.633329,498499.765000,4230319.054000,0.556,1.061,191,116,220,792,0
498535.964747,4229856.604950,498513.941000,4229812.425000,-0.531,-1.065,208,171,124,62,0
498286.746881,4230125.763333,498261.198000,4230138.798000,-1.065,0.543,238,154,144,292,0
498088.431333,4230260.446864,498054.473000,4230278.428000,-1.052,0.557,30,55,11,154,0
498404.231697,4230163.114735,498448.350000,4230143.420000,1.078,-0.481,228,138,163,471,0
497808.841580,4230564.272793,497823.722000,4230560.426000,1.141,-0.295,28,10,45,368,0
498008.074107,4230062.596714,497920.941000,4230109.253000,-1.046,0.560,25,9,79,354,0
497624.589905,4229534.234111,497573.962000,4229564.776000,-1.025,0.619,78,29,37,782,0
498103.373506,4229791.017117,498156.184000,4229878.074000,0.619,1.021,265,210,164,501,0
498015.086446,4230040.026089,498022.732000,4230054.748000,0.546,1.051,153,79,183,465,0
498173.738301,4230290.520043,498166.085000,4230304.254000,-0.579,1.039,139,80,66,374,0
498190.360856,4230084.084983,498179.169000,4230099.981000,-0.677,0.962,218,176,129,707,0
497799.207395,4229679.609361,497821.294000,4229666.452000,1.017,-0.606,19,7,36,542,0
498162.503358,4229874.750550,498222.881000,4229842.997000,1.053,-0.554,213,126,210,142,0
498000.185592,4230257.347786,498020.602000,4230295.967000,0.560,1.059,40,13,67,240,0
497781.417348,4229941.841785,497774.274000,4229945.631000,-1.049,0.557,85,44,32,555,0
498152.030780,4230077.417090,498109.127000,4230041.745000,-0.759,-0.631,282,197,176,346,0
498019.227439,4230210.841387,498009.635000,4230192.447000,-0.547,-1.049,120,168,55,786,0
498260.816891,4230035.548136,498251.373000,4230038.939000,-1.116,0.401,198,119,212,262,0
497427.438000,4229905.013000,497427.438000,4229905.013000,0.000,0.000,-1,6,6,199,1
498273.802068,4230030.885761,498279.820000,4230028.725000,1.120,-0.402,198,212,119,323,0
498244.432072,4230040.613253,498228.352000,4230044.492000,-1.157,0.279,197,146,119,553,0
498262.328021,4229784.547221,498267.690000,4229795.831000,0.509,1.071,299,214,209,466,0
498118.410029,4230315.384124,498115.754000,4230308.926000,-0.451,-1.097,48,132,15,430,0
498047.999665,4230182.412697,498089.483000,4230259.890000,0.562,1.049,31,11,128,431,0
498039.205844,4230087.209958,498022.732000,4230054.748000,-0.539,-1.061,67,79,24,900,0
498021.895490,4230133.343831,498043.506000,4230174.020000,0.559,1.053,116,128,53,579,0
497743.490200,4229764.084158,497808.180000,4229729.368000,1.049,-0.563,77,100,28,118,0
498143.478940,4230070.306714,498109.127000,4230041.745000,-0.914,-0.760,282,197,176,233,0
498330.699876,4230021.758208,498359.666000,4230089.735000,0.467,1.095,284,179,182,33,0
497692.177942,4229493.460820,497719.519000,4229476.967000,1.012,-0.610,78,37,29,128,0
498048.089099,4229687.135922,498045.576000,4229682.151000,-0.535,-1.061,245,148,164,570,0
497994.362401,4229917.273882,497944.949000,4229854.047000,-0.739,-0.945,99,43,56,142,0
498058.804224,4230360.848174,498055.544000,4230362.532000,-1.064,0.549,51,17,73,334,0
498470.110737,4230193.555935,498440.661000,4230220.092000,-0.884,0.797,149,76,78,522,0
498280.438472,4230128.981791,498261.198000,4230138.798000,-1.059,0.540,238,154,144,408,0
497540.232696,4230091.681283,497538.054000,4230088.056000,-0.615,-1.023,75,33,27,471,0
498151.872103,4230077.285159,498109.127000,4230041.745000,-0.767,-0.637,282,197,176,88,0
497427.438000,4229905.013000,497427.438000,4229905.013000,0.000,0.000,-1,6,6,407,1
498074.153051,4230303.644541,498071.988000,4230309.824000,-0.393,1.122,32,131,11,389,0
497859.417828,4229710.542632,497883.641000,4229738.557000,0.776,0.897,17,31,7,327,0
497742.992782,4229713.385729,497780.857000,4229690.541000,1.024,-0.618,8,36,2,681,0
498111.496337,4230249.014301,498089.483000,4230259.890000,-1.074,0.531,33,11,177,277,0
498039.028568,4229988.422133,498059.930000,4230034.323000,0.493,1.083,57,20,56,628,0
498206.959394,4229675.209446,498123.277000,4229532.342000,-0.596,-1.018,300,219,209,267,0
497447.451216,4229892.911882,497427.438000,4229905.013000,-1.025,0.620,5,6,1,629,0
497651.384595,4230733.779269,497546.937000,4230807.383000,-0.981,0.691,175,107,103,757,0
498291.750446,4230549.219531,498153.011000,4230549.249000,-1.195,0.000,221,161,134,96,0
498121.110869,4230321.951206,498115.754000,4230308.926000,-0.453,-1.101,48,132,15,611,0
497933.552508,4230102.500043,497920.941000,4230109.253000,-1.051,0.563,25,9,79,631,0
498167.865023,4230130.049136,498163.859000,4230140.705000,-0.419,1.114,182,112,176,298,0
497712.519734,4229731.912176,497673.639000,4229756.146000,-1.010,0.629,3,1,2,337,0
498335.683010,4229938.902219,498346.509000,4229959.475000,0.559,1.061,235,141,218,1245,0
498216.443546,4230225.236004,498221.828000,4230234.007000,0.620,1.010,126,70,59,379,0
498238.341000,4230492.864000,498238.341000,4230492.864000,0.000,0.000,-1,149,149,585,1
497427.438000,4229905.013000,497427.438000,4229905.013000,0.000,0.000,-1,6,6,328,1
498140.145664,4229851.635173,498086.126000,4229762.585000,-0.620,-1.022,265,164,210,215,0
498536.480837,4230414.395718,498539.170000,4230399.490000,0.211,-1.171,291,217,194,131,0
497427.438000,4229905.013000,497427.438000,4229905.013000,0.000,0.000,-1,6,6,276,1
498499.642311,4230445.011288,498488.849000,4230453.091000,-0.955,0.715,288,189,194,745,0
497661.511676,4229511.960611,497573.962000,4229564.776000,-1.013,0.611,78,29,37,543,0
497427.438000,4229905.013000,497427.438000,4229905.013000,0.000,0.000,-1,6,6,103,1
497861.506112,4229947.050848,497841.068000,4229958.595000,-1.031,0.582,81,30,97,312,0
498164.650605,4230151.252567,498161.673000,4230147.141000,-0.695,-0.960,113,52,59,212,0
498187.729267,4229642.378655,498123.277000,4229532.342000,-0.598,-1.021,300,219,209,366,0
498282.374583,4229827.057057,498267.690000,4229795.831000,-0.505,-1.073,301,214,218,258,0
498095.963828,4229758.583029,498225.039000,4229706.076000,1.093,-0.445,264,209,164,511,0
498274.291226,4229809.868190,498328.994000,4229926.191000,0.508,1.081,301,218,214,397,0
498210.638772,4230132.022558,498233.885000,4230127.708000,1.163,-0.216,181,137,112,369,0
497876.825674,4229827.604924,497858.534000,4229801.365000,-0.685,-0.982,159,85,92,244,0
498309.556978,4230014.406937,498298.376000,4230019.512000,-1.074,0.490,287,200,182,748,0
497985.683234,4230205.522820,497975.676000,4230210.986000,-1.042,0.569,141,67,168,307,0
498272.151723,4230549.223694,498416.654000,4230549.193000,1.183,-0.000,221,134,161,911,0
498238.341000,4230492.864000,498238.341000,4230492.864000,0.000,0.000,-1,149,149,338,1
497835.454635,4229682.828932,497821.294000,4229666.452000,-0.784,-0.906,17,7,31,612,0
497704.678091,4230235.600886,497874.991000,4230132.454000,1.020,-0.618,22,8,27,317,0
498464.230960,4230231.035035,498440.661000,4230220.092000,-1.071,-0.497,150,76,139,328,0
497920.432849,4230012.705762,497914.352000,4230015.940000,-1.042,0.554,169,93,114,480,0
497767.082159,4230467.982755,497756.906000,4230451.374000,-0.626,-1.022,27,26,10,363,0
498595.874137,4230126.490221,498612.393000,4230154.486000,0.605,1.025,131,167,62,258,0
498241.067317,4230273.871667,498253.621000,4230315.331000,0.345,1.139,130,61,74,698,0
498515.750972,4230432.952586,498488.849000,4230453.091000,-0.958,0.717,288,189,194,489,0
498092.446414,4230024.773472,498023.758000,4229954.887000,-0.833,-0.848,121,56,197,465,0
498242.405536,4230131.123524,498233.885000,4230127.708000,-1.113,-0.446,227,137,187,1121,0
498098.256561,4229782.581950,498086.126000,4229762.585000,-0.614,-1.013,265,164,210,130,0
498057.843804,4230035.468507,498022.732000,4230054.748000,-1.043,0.573,59,79,20,442,0
497924.135428,4230107.542512,497920.941000,4230109.253000,-1.041,0.557,25,9,79,909,0
497830.778141,4229915.577432,497908.888000,4229873.474000,1.046,-0.564,86,99,32,648,0
497696.236227,4229742.061461,497673.639000,4229756.146000,-1.015,0.633,3,1,2,578,0
498076.690415,4230296.402428,498089.483000,4230259.890000,0.391,-1.117,32,11,131,200,0
497998.475023,4230307.704114,497973.515000,4230320.944000,-1.058,0.561,38,19,13,816,0
497758.313128,4229658.365455,497749.067000,4229645.169000,-0.678,-0.968,90,94,36,443,0
497752.946437,4229759.009414,497808.180000,4229729.368000,1.051,-0.564,77,100,28,531,0
497914.352000,4230015.940000,497934.057000,4230052.883000,0.560,1.050,166,91,93,440,0
498324.760919,4230106.369124,498330.169000,4230103.610000,1.060,-0.541,238,144,154,354,0
497878.212200,4229741.521926,497883.641000,4229738.557000,1.047,-0.572,83,31,88,750,0
498390.448386,4230339.550288,498373.980000,4230318.080000,-0.724,-0.944,155,82,133,300,0
497925.570293,4229897.221034,497932.969000,4229907.753000,0.632,0.900,171,96,99,175,0
497952.227688,4229863.360439,498023.758000,4229954.887000,0.727,0.931,99,56,43,647,0
497763.280819,4229952.259159,497774.274000,4229945.631000,1.022,-0.616,87,44,33,215,0
498170.992240,4230121.730862,498179.169000,4230099.981000,0.420,-1.118,182,176,112,531,0
498061.388097,4230486.540447,498063.277000,4230490.130000,0.551,1.046,35,12,50,493,0
497825.898475,4229818.612241,497779.761000,4229842.995000,-1.058,0.559,98,42,85,572,0
498380.089231,4230019.255074,498365.161000,4229991.759000,-0.567,-1.044,249,151,211,34,0
498018.068526,4230105.940166,498009.615000,4230110.229000,-1.063,0.539,66,53,24,660,0
498388.087242,4230170.321738,498448.350000,4230143.420000,1.089,-0.486,228,138,163,245,0
497871.489983,4230016.656489,497900.185000,4230071.422000,0.552,1.053,80,34,30,129,0
498108.428501,4230420.342190,498090.573000,4230429.098000,-1.077,0.528,64,60,23,214,0
497932.781118,4230243.014466,497874.991000,4230132.454000,-0.547,-1.047,21,8,19,154,0
498151.712706,4230231.640037,498121.166000,4230244.237000,-1.093,0.451,127,177,59,617,0
497767.617446,4229819.683345,497760.054000,4229805.164000,-0.547,-1.049,93,38,42,503,0
498022.261285,4230299.127961,498055.544000,4230362.532000,0.553,1.054,37,17,13,739,0
497837.777076,4229952.258643,497821.362000,4229920.653000,-0.548,-1.056,79,32,30,885,0
498231.544964,4230128.142317,498163.859000,4230140.705000,-1.170,0.217,181,112,137,229,0
498238.341000,4230492.864000,498238.341000,4230492.864000,0.000,0.000,-1,149,149,593,1
498317.659558,4229902.088855,498328.994000,4229926.191000,0.508,1.081,301,218,214,665,0
498064.322183,4230296.082864,498071.988000,4230309.824000,0.579,1.038,119,131,55,713,0
498238.341000,4230492.864000,498238.341000,4230492.864000,0.000,0.000,-1,149,149,136,1
498131.739532,4230322.909963,498166.085000,4230304.254000,1.046,-0.568,47,80,15,309,0
498338.422146,4229944.107437,498346.509000,4229959.475000,0.555,1.055,235,141,218,824,0
497979.423187,4229898.158422,498023.758000,4229954.887000,0.733,0.938,99,56,43,552,0
497835.316447,4229863.240192,497800.518000,4229881.824000,-1.043,0.557,97,41,92,515,0
498178.621355,4230170.543800,498161.673000,4230147.141000,-0.695,-0.960,113,52,59,200,0
497427.438000,4229905.013000,497427.438000,4229905.013000,0.000,0.000,-1,6,6,231,1
497427.438000,4229905.013000,497427.438000,4229905.013000,0.000,0.000,-1,6,6,585,1
497946.601458,4230737.337551,497905.770000,4230679.683000,-0.692,-0.977,179,106,228,348,0
498323.186418,4230394.437650,498310.530000,4230377.343000,-0.711,-0.960,125,58,173,611,0
497574.044043,4230147.942312,497538.054000,4230088.056000,-0.610,-1.016,75,33,27,574,0
498333.121358,4230027.440865,498324.634000,4230007.523000,-0.467,-1.095,284,182,179,93,0
498423.014487,4230382.007610,498373.980000,4230318.080000,-0.728,-0.950,155,82,133,216,0
498023.124758,4230218.314855,498009.635000,4230192.447000,-0.551,-1.057,120,168,55,289,0
497811.029255,4229876.210556,497883.667000,4229837.419000,1.051,-0.561,97,92,41,289,0
498003.813530,4230507.579204,497823.722000,4230560.426000,-1.140,0.334,26,10,12,334,0
498183.414958,4230102.132613,498233.885000,4230127.708000,1.061,0.538,226,137,176,149,0
497902.869875,4230069.952500,497900.185000,4230071.422000,-1.037,0.567,88,34,91,358,0
497768.242823,4230444.759990,497756.906000,4230451.374000,-1.028,0.600,74,26,90,252,0
498164.173143,4229602.162272,498123.277000,4229532.342000,-0.603,-1.029,300,219,209,320,0
498126.839303,4229746.023065,498086.126000,4229762.585000,-1.108,0.451,264,164,209,534,0
497846.974314,4229696.151569,497883.641000,4229738.557000,0.778,0.899,17,31,7,177,0
497960.630236,4229991.325862,497982.184000,4229979.862000,1.046,-0.556,169,114,93,549,0
497808.622696,4230564.329378,497823.722000,4230560.426000,1.146,-0.296,28,10,45,729,0
498238.341000,4230492.864000,498238.341000,4230492.864000,0.000,0.000,-1,149,149,519,1
498359.961190,4229982.401232,498357.455000,4229977.891000,-0.578,-1.040,248,186,151,262,0
498393.572601,4230044.089884,498407.807000,4230070.308000,0.571,1.052,249,211,151,365,0
498059.285405,4229991.034071,498023.758000,4229954.887000,-0.831,-0.845,121,56,197,535,0
498163.878007,4230150.185740,498161.673000,4230147.141000,-0.702,-0.970,113,52,59,289,0
497427.438000,4229905.013000,497427.438000,4229905.013000,0.000,0.000,-1,6,6,285,1
498238.341000,4230492.864000,498238.341000,4230492.864000,0.000,0.000,-1,149,149,309,1
498140.657617,4230067.960942,498109.127000,4230041.745000,-0.918,-0.764,282,197,176,190,0
497427.438000,4229905.013000,497427.438000,4229905.013000,0.000,0.000,-1,6,6,367,1
498097.202710,4230147.478956,498147.401000,4230134.163000,1.151,-0.305,154,81,216,99,0
498667.314456,4230229.078280,498641.994000,4230240.472000,-1.091,0.491,204,122,240,388,0
498035.101786,4230158.201251,498009.615000,4230110.229000,-0.562,-1.057,116,53,128,731,0
498452.931267,4230151.765202,498470.154000,4230183.138000,0.573,1.043,229,185,138,726,0
498050.899143,4229692.709858,498086.126000,4229762.585000,0.532,1.055,245,164,148,15,0
497867.006056,4230008.098748,497900.185000,4230071.422000,0.551,1.052,80,34,30,252,0
498215.909112,4229709.789985,498225.039000,4229706.076000,1.095,-0.445,264,209,164,678,0
498460.754277,4230467.025387,498354.309000,4230436.474000,-1.144,-0.328,279,173,207,678,0
498157.494001,4230583.286672,498163.971000,4230632.464000,0.154,1.172,262,221,161,699,0
498143.311547,4230401.900523,498124.531000,4230412.446000,-1.038,0.583,65,23,71,661,0
498218.861227,4229695.528948,498225.039000,4229706.076000,0.599,1.023,300,209,219,124,0
497729.843645,4230406.552129,497756.906000,4230451.374000,0.614,1.018,73,26,27,498,0
497941.043226,4229846.689431,497883.641000,4229738.557000,-0.558,-1.051,82,31,43,230,0
498151.879339,4230077.291176,498109.127000,4230041.745000,-0.766,-0.637,282,197,176,531,0
498046.647401,4229684.276206,498086.126000,4229762.585000,0.536,1.063,245,164,148,463,0
497427.438000,4229905.013000,497427.438000,4229905.013000,0.000,0.000,-1,6,6,427,1
497742.460806,4229885.730140,497774.274000,4229945.631000,0.556,1.046,6,44,1,142,0
497427.438000,4229905.013000,497427.438000,4229905.013000,0.000,0.000,-1,6,6,429,1
497427.438000,4229905.013000,497427.438000,4229905.013000,0.000,0.000,-1,6,6,173,1
497849.980516,4229855.408974,497883.667000,4229837.419000,1.044,-0.557,97,92,41,311,0
498238.341000,4230492.864000,498238.341000,4230492.864000,0.000,0.000,-1,149,149,119,1
498079.403707,4230324.714266,498089.503000,4230344.993000,0.529,1.063,147,73,131,708,0
497427.438000,4229905.013000,497427.438000,4229905.013000,0.000,0.000,-1,6,6,430,1
497942.364376,4230150.324230,497975.676000,4230210.986000,0.573,1.043,15,67,5,406,0
498395.723437,4229831.649350,498337.734000,4229856.842000,-1.093,0.475,261,160,195,523,0
497800.698536,4230177.447866,497647.526000,4230270.214000,-1.026,0.622,22,27,8,73,0
498307.755998,4230157.621167,498261.198000,4230138.798000,-1.104,-0.446,223,154,135,189,0
497863.986579,4230387.357539,497791.913000,4230431.060000,-1.016,0.616,56,89,19,403,0
497843.463476,4229963.166856,497841.068000,4229958.595000,-0.550,-1.049,80,30,34,413,0
498367.284984,4230179.222993,498364.061000,4230180.385000,-1.120,0.403,224,135,163,371,0
498011.796183,4229939.581265,498023.758000,4229954.887000,0.728,0.931,99,56,43,556,0
497978.767524,4229974.625459,497982.184000,4229979.862000,0.653,1.000,187,114,208,901,0
498197.527496,4229856.330806,498156.184000,4229878.074000,-1.061,0.558,213,210,126,801,0
497427.438000,4229905.013000,497427.438000,4229905.013000,0.000,0.000,-1,6,6,276,1
498375.942276,4230320.638273,498373.980000,4230318.080000,-0.720,-0.939,155,82,133,473,0
497427.438000,4229905.013000,497427.438000,4229905.013000,0.000,0.000,-1,6,6,182,1
498287.518284,4229837.994891,498267.690000,4229795.831000,-0.502,-1.068,301,214,218,130,0
498087.876248,4230180.074220,498121.166000,4230244.237000,0.549,1.058,283,177,216,641,0
498047.540180,4230007.114172,498023.758000,4229954.887000,-0.497,-1.092,57,56,20,251,0
497783.305273,4230187.981777,497647.526000,4230270.214000,-1.014,0.614,22,27,8,378,0
497900.549331,4229925.479308,497873.890000,4229940.056000,-1.050,0.574,170,97,96,370,0
498145.894569,4230548.669333,498074.231000,4230542.832000,-1.186,-0.097,144,69,161,476,0
498147.750754,4230233.273881,498121.166000,4230244.237000,-1.106,0.456,127,177,59,119,0
498338.933821,4230041.081372,498359.666000,4230089.735000,0.431,1.012,284,179,182,450,0
498007.411751,4230025.248066,498003.027000,4230016.805000,-0.548,-1.056,153,183,79,96,0
497565.794273,4229821.355000,497427.438000,4229905.013000,-1.014,0.613,5,6,1,413,0
497427.438000,4229905.013000,497427.438000,4229905.013000,0.000,0.000,-1,6,6,242,1
498313.046696,4230380.742227,498310.530000,4230377.343000,-0.649,-0.876,125,58,173,325,0
498011.794229,4230033.686754,498022.732000,4230054.748000,0.548,1.054,153,79,183,469,0
497427.438000,4229905.013000,497427.438000,4229905.013000,0.000,0.000,-1,6,6,161,1
498313.510717,4230012.601720,498324.634000,4230007.523000,1.080,-0.493,287,182,200,279,0
497990.135529,4229993.955622,497982.184000,4229979.862000,-0.586,-1.039,186,114,183,200,0
498100.440086,4230544.966853,498153.011000,4230549.249000,1.195,0.097,144,161,69,415,0
497814.852004,4229775.891552,497834.451000,4229765.422000,1.053,-0.563,94,88,38,430,0
497716.882041,4229729.193210,497719.589000,4229727.506000,1.005,-0.626,3,2,1,575,0
498122.991211,4229993.523284,498109.127000,4230041.745000,-0.331,1.152,293,197,210,165,0
497382.890000,4230748.184000,497382.890000,4230748.184000,0.000,0.000,-1,48,48,459,1
498025.205470,4230222.304813,498009.635000,4230192.447000,-0.554,-1.062,120,168,55,707,0
498137.300014,4229846.944183,498156.184000,4229878.074000,0.613,1.011,265,210,164,339,0
497771.898483,4230584.384313,497828.101000,4230569.634000,1.153,-0.303,180,109,108,651,0
498222.337012,4230245.098424,498183.585000,4230272.850000,-0.967,0.693,60,66,21,491,0
497862.571362,4230109.416439,497774.274000,4229945.631000,-0.567,-1.052,23,44,8,1057,0
498007.260560,4230303.043882,498020.602000,4230295.967000,1.050,-0.557,38,13,19,664,0
497827.375699,4229932.231797,497841.068000,4229958.595000,0.546,1.052,79,30,32,384,0
497976.425068,4230030.720391,498003.027000,4230016.805000,1.062,-0.555,167,183,91,435,0
497723.358987,4229734.934062,497739.296000,4229766.335000,0.539,1.061,7,28,2,324,0
497902.272747,4230070.279323,497934.057000,4230052.883000,1.044,-0.571,88,91,34,498,0
497656.721014,4230285.443190,497756.906000,4230451.374000,0.612,1.013,73,26,27,610,0
497761.319494,4229754.515963,497808.180000,4229729.368000,1.057,-0.567,77,100,28,447,0
498215.692315,4230705.446238,498163.971000,4230632.464000,-0.688,-0.971,302,221,230,81,0
497427.438000,4229905.013000,497427.438000,4229905.013000,0.000,0.000,-1,6,6,527,1
497932.197225,4230241.897398,497874.991000,4230132.454000,-0.554,-1.061,21,8,19,439,0
498109.414390,4230250.042888,498089.483000,4230259.890000,-1.069,0.528,33,11,177,899,0
498185.794972,4229639.076315,498225.039000,4229706.076000,0.597,1.019,300,209,219,495,0
498238.341000,4230492.864000,498238.341000,4230492.864000,0.000,0.000,-1,149,149,240,1
498150.441477,4230076.095673,498179.169000,4230099.981000,0.916,0.761,282,176,197,912,0
497734.953943,4229510.363724,497746.848000,4229536.099000,0.497,1.075,92,40,37,459,0
498462.827087,4230093.281912,498481.085000,4230126.770000,0.574,1.053,212,125,201,741,0
498121.046499,4229820.150639,498086.126000,4229762.585000,-0.617,-1.017,265,164,210,535,0
498760.315013,4230543.515406,498809.399000,4230506.630000,0.949,-0.713,298,203,231,468,0
498432.088941,4230150.679056,498371.763000,4230177.609000,-1.082,0.483,228,163,138,527,0
498155.671696,4230385.643661,498143.077000,4230361.624000,-0.553,-1.054,63,22,65,665,0
498135.310928,4230096.642921,498094.871000,4230093.565000,-1.177,-0.090,123,57,176,546,0
497427.438000,4229905.013000,497427.438000,4229905.013000,0.000,0.000,-1,6,6,208,1
497427.438000,4229905.013000,497427.438000,4229905.013000,0.000,0.000,-1,6,6,732,1
497933.323759,4229832.147751,497944.949000,4229854.047000,0.556,1.047,82,43,31,454,0
498100.270823,4230097.738273,498094.871000,4230093.565000,-0.949,-0.733,122,57,81,657,0
497621.675697,4229535.992142,497573.962000,4229564.776000,-1.026,0.619,78,29,37,355,0
498498.417065,4230157.496158,498481.085000,4230126.770000,-0.585,-1.036,210,125,143,594,0
498117.881069,4230237.905614,498121.166000,4230244.237000,0.546,1.052,283,177,216,93,0
498026.260453,4229957.433101,498109.127000,4230041.745000,0.834,0.849,121,197,56,147,0
498238.341000,4230492.864000,498238.341000,4230492.864000,0.000,0.000,-1,149,149,290,1
497947.562296,4230159.789846,497975.676000,4230210.986000,0.578,1.052,15,67,5,292,0
497595.293972,4230183.301531,497538.054000,4230088.056000,-0.614,-1.022,75,33,27,532,0
498116.805420,4230546.299886,498153.011000,4230549.249000,1.189,0.097,144,161,69,577,0
498073.583218,4230152.544762,498042.437000,4230093.577000,-0.556,-1.052,68,24,216,418,0
498172.976949,4229869.242324,498222.881000,4229842.997000,1.047,-0.550,213,126,210,304,0
498407.902381,4230276.425992,498402.422000,4230284.898000,-0.651,1.007,117,54,63,156,0
497427.438000,4229905.013000,497427.438000,4229905.013000,0.000,0.000,-1,6,6,373,1
498028.310742,4229964.885109,498023.758000,4229954.887000,-0.494,-1.084,57,56,20,166,0
498200.732313,4229854.645342,498222.881000,4229842.997000,0.959,-0.504,213,126,210,440,0
498042.128147,4230254.755606,498054.473000,4230278.428000,0.550,1.054,120,55,168,180,0
498175.709236,4230649.027437,498286.462000,4230805.307000,0.693,0.977,302,230,221,128,0
498238.341000,4230492.864000,498238.341000,4230492.864000,0.000,0.000,-1,149,149,211,1
498107.017842,4229754.086320,498086.126000,4229762.585000,-1.095,0.446,264,164,209,772,0
498099.617273,4230093.926243,498179.169000,4230099.981000,1.187,0.090,123,176,57,135,0
498074.328970,4230058.736262,498059.930000,4230034.323000,-0.603,-1.023,58,20,57,340,0
497662.284325,4229734.685681,497673.639000,4229756.146000,0.558,1.055,4,1,3,227,0
498131.134687,4229965.199106,498156.184000,4229878.074000,0.330,-1.147,293,210,197,260,0
497731.326974,4229864.766318,497774.274000,4229945.631000,0.562,1.059,6,44,1,88,0
498397.096792,4230291.303549,498387.107000,4230303.320000,-0.761,0.915,118,75,54,522,0
498186.599427,4230103.746323,498233.885000,4230127.708000,1.061,0.538,226,137,176,551,0
497863.978116,4229809.174738,497883.667000,4229837.419000,0.681,0.976,159,92,85,886,0
497920.941000,4230109.253000,497874.991000,4230132.454000,-1.062,0.536,20,8,9,351,0
497930.460569,4229826.754169,497883.641000,4229738.557000,-0.558,-1.052,82,31,43,57,0
497714.204930,4229606.221242,497729.357000,4229597.130000,1.027,-0.616,0,0,4,107,0
497988.974161,4230236.140499,498020.602000,4230295.967000,0.553,1.046,40,13,67,229,0
497427.438000,4229905.013000,497427.438000,4229905.013000,0.000,0.000,-1,6,6,552,1
498238.341000,4230492.864000,498238.341000,4230492.864000,0.000,0.000,-1,149,149,138,1
497872.157628,4229744.828616,497834.451000,4229765.422000,-1.044,0.570,83,88,31,634,0
497860.138428,4229899.751404,497908.888000,4229873.474000,1.055,-0.569,86,99,32,429,0
498076.693410,4229743.874742,498086.126000,4229762.585000,0.490,0.971,245,164,148,472,0
498339.630593,4229946.403867,498346.509000,4229959.475000,0.555,1.055,235,141,218,233,0
497427.438000,4229905.013000,497427.438000,4229905.013000,0.000,0.000,-1,6,6,457,1
498441.889564,4230131.769767,498448.350000,4230143.420000,0.576,1.039,230,138,211,732,0
498104.400071,4229792.709386,498086.126000,4229762.585000,-0.616,-1.015,265,164,210,106,0
498296.246800,4230120.916613,498261.198000,4230138.798000,-1.063,0.542,238,154,144,369,0
498331.288319,4230004.934635,498365.161000,4229991.759000,1.109,-0.431,247,151,182,624,0
498403.392866,4230072.089296,498359.666000,4230089.735000,-1.104,0.445,285,179,211,819,0
498111.516636,4230094.831915,498094.871000,4230093.565000,-1.179,-0.090,123,57,176,652,0
497427.438000,4229905.013000,497427.438000,4229905.013000,0.000,0.000,-1,6,6,210,1
498221.069728,4230121.213939,498179.169000,4230099.981000,-1.070,-0.542,226,176,137,352,0
498344.288518,4230053.647606,498324.634000,4230007.523000,-0.466,-1.094,284,182,179,441,0
498238.341000,4230492.864000,498238.341000,4230492.864000,0.000,0.000,-1,149,149,580,1
498057.648406,4230029.312475,498059.930000,4230034.323000,0.492,1.080,57,20,56,724,0
498299.091367,4230154.118100,498261.198000,4230138.798000,-1.094,-0.442,223,154,135,463,0
497787.310021,4229969.811909,497874.991000,4230132.454000,0.569,1.055,23,8,44,584,0
498196.298339,4230075.651858,498203.234000,4230065.801000,0.682,-0.968,218,129,176,198,0
498090.167811,4230149.345083,498147.401000,4230134.163000,1.142,-0.303,154,81,216,121,0
497854.488757,4229984.209015,497841.068000,4229958.595000,-0.555,-1.059,80,30,34,703,0
498154.271358,4230639.260524,498093.958000,4230681.522000,-0.969,0.679,156,83,221,409,0
498321.871847,4229911.046085,498267.690000,4229795.831000,-0.510,-1.085,301,214,218,676,0
498402.026192,4230240.592799,498371.763000,4230177.609000,-0.519,-1.079,134,163,63,342,0
498064.002473,4230358.163404,498089.503000,4230344.993000,1.057,-0.546,51,73,17,546,0
498332.173783,4230192.406517,498364.061000,4230180.385000,0.926,-0.349,145,135,70,431,0
498238.341000,4230492.864000,498238.341000,4230492.864000,0.000,0.000,-1,149,149,518,1
497986.980076,4230756.837265,497969.251000,4230769.319000,-0.981,0.690,157,228,83,655,0
498408.199711,4230253.441137,498371.763000,4230177.609000,-0.518,-1.079,134,163,63,131,0
497427.438000,4229905.013000,497427.438000,4229905.013000,0.000,0.000,-1,6,6,186,1
498236.945967,4230128.935013,498233.885000,4230127.708000,-1.106,-0.443,227,137,187,341,0
498213.962204,4229687.165049,498225.039000,4229706.076000,0.602,1.027,300,209,219,571,0
498555.788404,4230038.502612,498563.182000,4230061.957000,0.358,1.135,225,213,136,794,0
497776.781339,4229692.999981,497719.589000,4229727.506000,-1.019,0.615,8,2,36,174,0
497721.792856,4229481.886963,497719.519000,4229476.967000,-0.500,-1.083,92,37,40,484,0
498174.487360,4230277.688591,498183.585000,4230272.850000,1.042,-0.554,140,66,132,411,0
498296.222077,4230205.960350,498364.061000,4230180.385000,1.107,-0.417,145,135,70,829,0
498438.385421,4230125.450675,498448.350000,4230143.420000,0.573,1.034,230,138,211,163,0
497835.480895,4229813.548118,497779.761000,4229842.995000,-1.048,0.554,98,42,85,238,0
498030.736976,4229651.091250,498045.576000,4229682.151000,0.513,1.074,244,148,153,434,0
497871.860899,4229724.933182,497883.641000,4229738.557000,0.783,0.905,17,31,7,490,0
498273.934817,4230030.838097,498279.820000,4230028.725000,1.128,-0.405,198,212,119,194,0
497851.801846,4229791.317505,497858.534000,4229801.365000,0.664,0.990,158,85,88,385,0
497724.282683,4230397.341817,497647.526000,4230270.214000,-0.614,-1.017,73,27,26,814,0
498145.329933,4229915.826003,498109.127000,4230041.745000,-0.330,1.146,293,197,210,431,0
497914.318912,4229881.204835,497908.888000,4229873.474000,-0.622,-0.886,171,99,96,402,0
497427.438000,4229905.013000,497427.438000,4229905.013000,0.000,0.000,-1,6,6,409,1
497908.322951,4230086.254666,497900.185000,4230071.422000,-0.577,-1.052,24,34,9,412,0
497874.253413,4230021.930598,497841.068000,4229958.595000,-0.555,-1.060,80,30,34,198,0
498379.471219,4230193.651357,498414.410000,4230266.366000,0.513,1.067,134,63,163,475,0
497841.620294,4229959.649074,497900.185000,4230071.422000,0.552,1.054,80,34,30,413,0
497543.149476,4230084.983766,497774.274000,4229945.631000,1.019,-0.614,87,44,33,339,0
498134.232531,4230123.985701,498094.871000,4230093.565000,-0.940,-0.727,122,57,81,437,0
497980.649653,4230220.394050,498020.602000,4230295.967000,0.553,1.045,40,13,67,492,0
497427.438000,4229905.013000,497427.438000,4229905.013000,0.000,0.000,-1,6,6,961,1
498715.703250,4230185.116559,498714.201000,4230182.208000,-0.503,-0.974,251,152,162,205,0
498261.754307,4230549.225902,498153.011000,4230549.249000,-1.186,0.000,221,161,134,354,0
498047.125177,4229978.661746,498109.127000,4230041.745000,0.831,0.846,121,197,56,735,0
498009.797302,4230505.823302,498063.277000,4230490.130000,1.133,-0.333,26,12,10,265,0
498489.535060,4230285.851307,498483.303000,4230287.656000,-1.149,0.333,260,220,159,203,0
497381.868563,4230666.451078,497348.908000,4230683.507000,-1.065,0.551,177,111,105,368,0
498238.303241,4230129.479087,498254.633000,4230136.025000,1.105,0.443,227,187,137,406,0
498031.368901,4230071.767143,498042.437000,4230093.577000,0.541,1.066,67,24,79,297,0
497723.801971,4229724.964176,497719.589000,4229727.506000,-1.023,0.617,8,2,36,334,0
498160.615304,4230285.066461,498115.754000,4230308.926000,-1.042,0.554,140,132,66,404,0
497427.438000,4229905.013000,497427.438000,4229905.013000,0.000,0.000,-1,6,6,356,1
498238.341000,4230492.864000,498238.341000,4230492.864000,0.000,0.000,-1,149,149,637,1
498022.217992,4230185.601415,498043.506000,4230174.020000,1.050,-0.571,216,128,168,778,0
497859.503348,4229751.739720,497883.641000,4229738.557000,1.044,-0.570,83,31,88,281,0
497743.776923,4230581.092901,497719.743000,4230587.306000,-1.160,0.300,28,45,10,573,0
497997.952430,4230007.810621,498003.027000,4230016.805000,0.580,1.029,186,183,114,1066,0
498590.406933,4230403.086112,498543.532000,4230316.272000,-0.565,-1.047,199,121,120,699,0
498158.151310,4230143.938611,498147.401000,4230134.163000,-0.880,-0.801,114,81,52,420,0
497997.743225,4230007.439818,497982.184000,4229979.862000,-0.587,-1.041,186,114,183,257,0
497930.762755,4230128.164801,497920.941000,4230109.253000,-0.550,-1.058,13,9,5,850,0
497427.438000,4229905.013000,497427.438000,4229905.013000,0.000,0.000,-1,6,6,139,1
497874.295966,4230022.011812,497900.185000,4230071.422000,0.551,1.051,80,34,30,284,0
498371.867047,4230549.202513,498416.654000,4230549.193000,1.188,-0.000,221,134,161,422,0
497940.366705,4229856.515602,497944.949000,4229854.047000,1.055,-0.568,100,43,99,694,0
497879.588855,4229889.267071,497821.362000,4229920.653000,-1.046,0.564,86,32,99,253,0
497701.449660,4229669.527862,497691.124000,4229674.810000,-1.067,0.546,95,39,94,502,0
498162.563904,4230098.717171,498094.871000,4230093.565000,-1.186,-0.090,123,57,176,218,0
498001.224239,4230114.726280,497940.646000,4230147.195000,-1.049,0.562,14,5,53,418,0
498337.632506,4230169.700091,498261.198000,4230138.798000,-1.094,-0.442,223,154,135,408,0
497565.579461,4229821.484887,497427.438000,4229905.013000,-1.025,0.620,5,6,1,412,0
498591.791530,4230405.650437,498594.930000,4230411.463000,0.569,1.053,199,120,121,228,0
497427.438000,4229905.013000,497427.438000,4229905.013000,0.000,0.000,-1,6,6,557,1
497600.044996,4230050.679539,497538.054000,4230088.056000,-1.020,0.615,87,33,44,765,0
498031.359997,4230421.813829,498074.197000,4230397.701000,1.037,-0.584,43,14,50,149,0
497749.381184,4229785.199900,497760.054000,4229805.164000,0.560,1.047,76,38,28,430,0
498238.341000,4230492.864000,498238.341000,4230492.864000,0.000,0.000,-1,149,149,120,1
498039.373938,4230249.474156,498054.473000,4230278.428000,0.549,1.054,120,55,168,431,0
497972.470475,4229964.973771,497959.240000,4229944.695000,-0.646,-0.990,187,208,114,540,0
497427.438000,4229905.013000,497427.438000,4229905.013000,0.000,0.000,-1,6,6,138,1
498436.550761,4230227.337332,498414.410000,4230266.366000,-0.587,1.035,133,63,76,297,0
498238.341000,4230492.864000,498238.341000,4230492.864000,0.000,0.000,-1,149,149,822,1
498418.393416,4230259.344226,498414.410000,4230266.366000,-0.586,1.034,133,63,76,349,0
498085.579671,4230622.618441,498074.231000,4230542.832000,-0.169,-1.187,143,69,83,770,0
498478.331813,4229952.192569,498476.762000,4229950.129000,-0.722,-0.950,206,123,172,484,0
498500.255566,4230444.552215,498535.847000,4230417.909000,0.950,-0.711,288,194,189,426,0
498488.849000,4230453.091000,498511.786000,4230474.391000,0.872,0.810,267,165,189,314,0
498120.099105,4230244.764100,498089.483000,4230259.890000,-1.067,0.527,33,11,177,244,0
498064.563724,4230403.123544,498074.197000,4230397.701000,1.045,-0.588,43,14,50,482,0
498376.926645,4230082.769575,498359.666000,4230089.735000,-1.095,0.442,285,179,211,424,0
497833.222919,4230054.977126,497774.274000,4229945.631000,-0.563,-1.045,23,44,8,330,0
497818.645825,4230027.937636,497774.274000,4229945.631000,-0.561,-1.040,23,44,8,925,0
498336.504218,4229940.462772,498328.994000,4229926.191000,-0.557,-1.059,235,218,141,182,0
497690.963547,4229788.766280,497774.274000,4229945.631000,0.560,1.054,6,44,1,544,0
498640.945952,4230241.035644,498566.459000,4230281.095000,-1.048,0.564,194,118,122,803,0
498238.341000,4230492.864000,498238.341000,4230492.864000,0.000,0.000,-1,149,149,306,1
498155.965074,4230571.678129,498163.971000,4230632.464000,0.156,1.183,262,221,161,258,0
498333.042152,4230167.844234,498364.061000,4230180.385000,1.109,0.448,223,135,154,270,0
497738.477888,4229586.168002,497757.798000,4229562.948000,0.760,-0.913,1,35,0,361,0
497427.438000,4229905.013000,497427.438000,4229905.013000,0.000,0.000,-1,6,6,244,1
497427.438000,4229905.013000,497427.438000,4229905.013000,0.000,0.000,-1,6,6,320,1
497627.290565,4229658.535413,497623.276000,4229660.960000,-1.022,0.617,10,3,4,108,0
498145.725309,4230292.985723,498115.754000,4230308.926000,-1.056,0.562,140,132,66,544,0
498053.827556,4230037.673783,498059.930000,4230034.323000,1.036,-0.569,59,20,79,793,0
497771.649977,4229798.969566,497760.054000,4229805.164000,-1.058,0.565,94,38,88,139,0
497705.295353,4229701.044801,497719.589000,4229727.506000,0.565,1.047,9,2,39,182,0
497858.534000,4229801.365000,497779.761000,4229842.995000,-1.052,0.556,98,42,85,489,0
498238.341000,4230492.864000,498238.341000,4230492.864000,0.000,0.000,-1,149,149,30,1
497427.438000,4229905.013000,497427.438000,4229905.013000,0.000,0.000,-1,6,6,602,1
497817.204627,4229668.888108,497780.857000,4229690.541000,-1.022,0.609,19,36,7,563,0
498509.967374,4230254.368333,498508.506000,4230251.591000,-0.558,-1.061,231,139,159,334,0
498326.252727,4230165.099303,498364.061000,4230180.385000,1.109,0.448,223,135,154,305,0
497864.310612,4230548.515511,497823.722000,4230560.426000,-1.149,0.337,26,10,12,496,0
497813.268362,4230017.962818,497774.274000,4229945.631000,-0.568,-1.053,23,44,8,832,0
497427.438000,4229905.013000,497427.438000,4229905.013000,0.000,0.000,-1,6,6,292,1
497578.859005,4229574.327314,497623.276000,4229660.960000,0.544,1.061,11,3,29,917,0
498634.614358,4230214.765801,498641.994000,4230240.472000,0.328,1.144,202,122,155,375,0
498170.938984,4230159.935750,498161.673000,4230147.141000,-0.696,-0.961,113,52,59,94,0
498030.699733,4230232.840569,498009.635000,4230192.447000,-0.553,-1.061,120,168,55,370,0
498056.971059,4230027.824979,498023.758000,4229954.887000,-0.493,-1.083,57,56,20,545,0
497867.333655,4229719.697374,497821.294000,4229666.452000,-0.777,-0.899,17,7,31,255,0
497774.838700,4229946.678480,497874.991000,4230132.454000,0.565,1.047,23,8,44,387,0
497931.816817,4230048.683098,497914.352000,4230015.940000,-0.560,-1.050,166,93,91,291,0
497833.650819,4230577.497524,497828.101000,4230569.634000,-0.687,-0.974,178,109,106,556,0
497961.603954,4230185.360254,497940.646000,4230147.195000,-0.530,-0.965,15,5,67,145,0
498497.638687,4230246.545536,498440.661000,4230220.092000,-1.088,-0.505,150,76,139,292,0
497834.495261,4229945.939825,497821.362000,4229920.653000,-0.547,-1.054,79,32,30,299,0
497979.560353,4230126.337688,498009.615000,4230110.229000,1.045,-0.560,14,53,5,366,0
497751.843731,4229759.601187,497808.180000,4229729.368000,1.045,-0.561,77,100,28,75,0
497427.438000,4229905.013000,497427.438000,4229905.013000,0.000,0.000,-1,6,6,370,1
498299.164028,4230301.461803,498414.410000,4230266.366000,1.145,-0.349,128,63,61,95,0
498525.077555,4229834.765088,498540.212000,4229865.125000,0.534,1.072,208,124,171,178,0
498027.286451,4230226.295286,498054.473000,4230278.428000,0.548,1.051,120,55,168,300,0
497771.424098,4229585.159725,497821.294000,4229666.452000,0.618,1.007,18,7,35,305,0
498193.321669,4230214.481178,498121.166000,4230244.237000,-1.098,0.453,127,177,59,577,0
497765.361971,4230198.848808,497647.526000,4230270.214000,-1.018,0.616,22,27,8,242,0
497382.890000,4230748.184000,497382.890000,4230748.184000,0.000,0.000,-1,48,48,713,1
498050.204190,4230108.282279,498042.437000,4230093.577000,-0.557,-1.054,68,24,216,630,0
497886.362684,4229743.684018,497883.641000,4229738.557000,-0.559,-1.053,82,31,43,390,0
497891.214094,4230659.058775,497905.770000,4230679.683000,0.690,0.978,178,106,109,422,0
497427.438000,4229905.013000,497427.438000,4229905.013000,0.000,0.000,-1,6,6,585,1
497763.352653,4229811.496337,497779.761000,4229842.995000,0.550,1.055,93,42,38,107,0
498437.895426,4230148.086999,498448.350000,4230143.420000,1.080,-0.482,228,138,163,432,0
497739.270785,4229585.215053,497757.798000,4229562.948000,0.763,-0.917,1,35,0,449,0
497939.329241,4230050.125107,498003.027000,4230016.805000,1.054,-0.552,167,183,91,227,0
498046.314541,4230179.265436,498089.483000,4230259.890000,0.562,1.049,31,11,128,569,0
498116.902378,4229813.319151,498156.184000,4229878.074000,0.614,1.013,265,210,164,67,0
497838.417891,4230584.251975,497905.770000,4230679.683000,0.689,0.976,178,106,109,420,0
498103.787494,4230210.741608,498121.166000,4230244.237000,0.552,1.064,283,177,216,608,0
497427.438000,4229905.013000,497427.438000,4229905.013000,0.000,0.000,-1,6,6,231,1
497905.317786,4229998.952597,497914.352000,4230015.940000,0.560,1.054,160,93,86,673,0
497846.954614,4229807.484480,497858.534000,4229801.365000,1.048,-0.554,98,85,42,524,0
497865.356197,4230004.949930,497900.185000,4230071.422000,0.553,1.055,80,34,30,342,0
497923.846154,4230033.739672,497934.057000,4230052.883000,0.557,1.044,166,91,93,476,0
498041.713400,4230336.184513,498055.544000,4230362.532000,0.555,1.058,37,17,13,403,0
497427.438000,4229905.013000,497427.438000,4229905.013000,0.000,0.000,-1,6,6,559,1
498174.386999,4230164.696874,498161.673000,4230147.141000,-0.700,-0.966,113,52,59,377,0
498256.348478,4230037.152536,498251.373000,4230038.939000,-1.123,0.403,198,119,212,345,0
498324.850359,4230106.323493,498330.169000,4230103.610000,1.061,-0.542,238,144,154,602,0
497969.768263,4230517.569587,498063.277000,4230490.130000,1.133,-0.333,26,12,10,404,0
498141.884854,4230445.339964,498124.531000,4230412.446000,-0.559,-1.060,49,23,16,949,0
497680.574065,4229769.203991,497673.639000,4229756.146000,-0.558,-1.051,6,1,44,1020,0
498544.563342,4230318.182084,498543.532000,4230316.272000,-0.564,-1.045,199,121,120,93,0
498320.904507,4230367.653096,498310.530000,4230377.343000,-0.866,0.809,124,58,82,387,0
497427.438000,4229905.013000,497427.438000,4229905.013000,0.000,0.000,-1,6,6,541,1
497751.451852,4229648.572759,497749.067000,4229645.169000,-0.686,-0.979,90,94,36,405,0
498038.012441,4229986.190655,498059.930000,4230034.323000,0.490,1.077,57,20,56,109,0
498426.889364,4230104.719607,498448.350000,4230143.420000,0.573,1.034,230,138,211,246,0
497854.032698,4229704.314669,497821.294000,4229666.452000,-0.781,-0.903,17,7,31,618,0
498348.333040,4229962.543840,498357.455000,4229977.891000,0.608,1.023,234,186,141,248,0
497915.782009,4229883.287535,497908.888000,4229873.474000,-0.689,-0.981,171,99,96,518,0
497904.685566,4230536.667720,497823.722000,4230560.426000,-1.143,0.335,26,10,12,330,0
497841.074799,4229775.307778,497858.534000,4229801.365000,0.662,0.989,158,85,88,498,0
497994.401766,4229917.324251,497944.949000,4229854.047000,-0.730,-0.934,99,43,56,611,0
497796.035960,4229873.439689,497800.518000,4229881.824000,0.563,1.052,96,41,42,469,0
497885.767508,4230043.905678,497900.185000,4230071.422000,0.552,1.053,80,34,30,265,0
497770.189943,4230195.924835,497647.526000,4230270.214000,-1.010,0.612,22,27,8,783,0
497940.436988,4229856.477738,497944.949000,4229854.047000,1.052,-0.567,100,43,99,742,0
498126.260706,4230303.337996,498183.585000,4230272.850000,1.051,-0.559,140,66,132,288,0
497870.152909,4229942.166838,497873.890000,4229940.056000,1.037,-0.586,81,97,30,243,0
497575.465618,4229567.708717,497573.962000,4229564.776000,-0.540,-1.054,11,29,3,216,0
497427.438000,4229905.013000,497427.438000,4229905.013000,0.000,0.000,-1,6,6,639,1
498295.004065,4230206.419542,498221.828000,4230234.007000,-1.111,0.419,145,70,135,295,0
497719.476314,4230226.638614,497647.526000,4230270.214000,-1.026,0.622,22,27,8,259,0
498074.640497,4230315.150045,498089.503000,4230344.993000,0.530,1.065,147,73,131,653,0
497849.497631,4230396.143043,497791.913000,4230431.060000,-1.018,0.617,56,89,19,279,0
498238.341000,4230492.864000,498238.341000,4230492.864000,0.000,0.000,-1,149,149,412,1
498207.825031,4230114.502269,498233.885000,4230127.708000,1.057,0.536,226,137,176,77,0
497427.438000,4229905.013000,497427.438000,4229905.013000,0.000,0.000,-1,6,6,768,1
498130.513958,4230339.836498,498143.077000,4230361.624000,0.595,1.032,45,22,15,389,0
497877.614554,4229828.736595,497883.667000,4229837.419000,0.678,0.973,159,92,85,927,0
498402.158384,4230164.040277,498448.350000,4230143.420000,1.088,-0.486,228,138,163,137,0
497920.941021,4229964.967477,497959.240000,4229944.695000,1.057,-0.559,162,208,86,234,0
498288.513042,4229840.110194,498328.994000,4229926.191000,0.510,1.085,301,218,214,321,0
497851.169213,4229805.257147,497779.761000,4229842.995000,-1.052,0.556,98,42,85,266,0
498013.084040,4230199.060852,498009.635000,4230192.447000,-0.555,-1.063,120,168,55,73,0
498149.135084,4229576.488424,498225.039000,4229706.076000,0.598,1.022,300,209,219,444,0
497989.252612,4230072.674870,497920.941000,4230109.253000,-1.052,0.563,25,9,79,350,0
497866.943172,4230117.525841,497874.991000,4230132.454000,0.566,1.050,23,8,44,325,0
497714.163980,4229981.873357,497774.274000,4229945.631000,1.020,-0.615,87,44,33,450,0
498093.670813,4230148.415852,498147.401000,4230134.163000,1.148,-0.304,154,81,216,161,0
498053.056594,4229696.989325,498086.126000,4229762.585000,0.534,1.058,245,164,148,313,0
498137.709777,4229847.619668,498086.126000,4229762.585000,-0.617,-1.017,265,164,210,509,0
498335.664686,4229938.867397,498346.509000,4229959.475000,0.556,1.057,235,141,218,107,0
497929.576634,4230044.483195,497914.352000,4230015.940000,-0.560,-1.050,166,93,91,293,0
498049.690472,4229690.312366,498045.576000,4229682.151000,-0.537,-1.064,245,148,164,423,0
498188.056538,4230087.357852,498203.234000,4230065.801000,0.684,-0.972,218,129,176,315,0
498099.391556,4229757.188649,498225.039000,4229706.076000,1.107,-0.450,264,209,164,167,0
497427.438000,4229905.013000,497427.438000,4229905.013000,0.000,0.000,-1,6,6,449,1
498206.652449,4229713.555542,498225.039000,4229706.076000,1.109,-0.451,264,209,164,127,0
497863.270994,4229714.998861,497883.641000,4229738.557000,0.781,0.904,17,31,7,125,0
498282.479883,4230211.141172,498221.828000,4230234.007000,-1.117,0.421,145,70,135,299,0
498012.366032,4229940.310415,498023.758000,4229954.887000,0.731,0.935,99,56,43,589,0
498140.357429,4229561.502701,498123.277000,4229532.342000,-0.603,-1.030,300,219,209,874,0
498056.842599,4229704.499154,498086.126000,4229762.585000,0.534,1.060,245,164,148,450,0
497427.438000,4229905.013000,497427.438000,4229905.013000,0.000,0.000,-1,6,6,454,1
498149.564974,4230097.727810,498094.871000,4230093.565000,-1.187,-0.090,123,57,176,593,0
497427.438000,4229905.013000,497427.438000,4229905.013000,0.000,0.000,-1,6,6,354,1
498420.065726,4230256.396359,498414.410000,4230266.366000,-0.588,1.037,133,63,76,562,0
498633.498195,4230211.376167,498625.529000,4230188.658000,-0.394,-1.123,254,190,155,339,0
497448.530128,4229892.259511,497427.438000,4229905.013000,-1.016,0.614,5,6,1,231,0
498190.911272,4229859.810382,498156.184000,4229878.074000,-0.968,0.509,213,210,126,376,0
498412.347826,4229999.842626,498441.768000,4230054.656000,0.566,1.055,257,201,156,751,0
498196.241055,4230439.720567,498214.257000,4230433.730000,1.136,-0.378,50,64,16,491,0
498429.172263,4230108.836405,498448.350000,4230143.420000,0.574,1.035,230,138,211,428,0
498017.486639,4230057.556681,497920.941000,4230109.253000,-1.049,0.562,25,9,79,499,0
497912.650155,4229793.203496,497944.949000,4229854.047000,0.555,1.046,82,43,31,545,0
497427.438000,4229905.013000,497427.438000,4229905.013000,0.000,0.000,-1,6,6,154,1
497737.858054,4230419.825948,497647.526000,4230270.214000,-0.614,-1.017,73,27,26,248,0
498335.105679,4230003.449776,498324.634000,4230007.523000,-1.112,0.433,247,182,151,581,0
497857.711227,4229708.568929,497883.641000,4229738.557000,0.773,0.894,17,31,7,198,0
498189.782333,4230105.359242,498233.885000,4230127.708000,1.061,0.538,226,137,176,230,0
498191.980954,4229649.637383,498123.277000,4229532.342000,-0.601,-1.026,300,219,209,276,0
497427.438000,4229905.013000,497427.438000,4229905.013000,0.000,0.000,-1,6,6,595,1
498472.762895,4230191.166174,498440.661000,4230220.092000,-0.884,0.797,149,76,78,276,0
497900.946673,4229771.156859,497944.949000,4229854.047000,0.554,1.044,82,43,31,629,0
498238.341000,4230492.864000,498238.341000,4230492.864000,0.000,0.000,-1,149,149,134,1
497804.480046,4229639.043794,497821.294000,4229666.452000,0.621,1.012,18,7,35,451,0
498030.568493,4230070.189928,498022.732000,4230054.748000,-0.538,-1.060,67,79,24,124,0
497895.766648,4230062.989410,497841.068000,4229958.595000,-0.552,-1.054,80,30,34,421,0
498390.155956,4230037.796817,498407.807000,4230070.308000,0.565,1.041,249,211,151,282,0
498083.625835,4230608.882066,498093.958000,4230681.522000,0.167,1.171,143,83,69,140,0
497742.011745,4229525.634753,497746.848000,4229536.099000,0.500,1.083,92,40,37,898,0
497427.438000,4229905.013000,497427.438000,4229905.013000,0.000,0.000,-1,6,6,171,1
497812.407205,4229825.742115,497858.534000,4229801.365000,1.058,-0.559,98,85,42,370,0
498121.059251,4230000.242920,498109.127000,4230041.745000,-0.328,1.140,293,197,210,979,0
498030.033687,4230050.738727,498059.930000,4230034.323000,1.043,-0.573,59,20,79,149,0
498238.341000,4230492.864000,498238.341000,4230492.864000,0.000,0.000,-1,149,149,575,1
498124.120425,4230371.552809,498074.197000,4230397.701000,-1.052,0.551,42,14,22,354,0
498338.953621,4230041.127838,498359.666000,4230089.735000,0.432,1.014,284,179,182,422,0
497652.864791,4229643.089918,497669.227000,4229633.208000,1.018,-0.615,10,4,3,410,0
498159.670785,4229594.475585,498123.277000,4229532.342000,-0.601,-1.027,300,219,209,253,0
497427.438000,4229905.013000,497427.438000,4229905.013000,0.000,0.000,-1,6,6,511,1
498199.123560,4230071.639140,498179.169000,4230099.981000,-0.685,0.973,218,176,129,411,0
498252.527842,4229763.923672,498267.690000,4229795.831000,0.510,1.073,299,214,209,281,0
498031.762960,4229653.238750,498045.576000,4229682.151000,0.513,1.074,244,148,153,448,0
498304.633755,4229874.390114,498267.690000,4229795.831000,-0.507,-1.078,301,214,218,425,0
497890.007076,4230371.579778,497791.913000,4230431.060000,-1.018,0.617,56,89,19,752,0
497963.277243,4230327.151756,497791.913000,4230431.060000,-1.024,0.621,56,89,19,790,0
497908.888000,4229873.474000,497932.969000,4229907.753000,0.684,0.974,171,96,99,411,0
497681.034549,4230249.920163,497874.991000,4230132.454000,1.015,-0.614,22,8,27,1000,0
498336.853954,4230289.984107,498414.410000,4230266.366000,1.138,-0.347,128,63,61,57,0
497427.438000,4229905.013000,497427.438000,4229905.013000,0.000,0.000,-1,6,6,412,1
497839.180096,4230402.399173,497791.913000,4230431.060000,-1.012,0.613,56,89,19,550,0
497427.438000,4229905.013000,497427.438000,4229905.013000,0.000,0.000,-1,6,6,261,1
497832.014270,4229762.077862,497834.451000,4229765.422000,0.705,0.967,164,88,100,444,0
497739.373563,4229519.926493,497719.519000,4229476.967000,-0.498,-1.077,92,37,40,626,0
497970.376905,4230082.782054,497920.941000,4230109.253000,-1.051,0.563,25,9,79,151,0
497906.246663,4230192.250393,497874.991000,4230132.454000,-0.548,-1.048,21,8,19,256,0
498262.051411,4229783.965121,498225.039000,4229706.076000,-0.513,-1.080,299,209,214,98,0
498065.909535,4230044.461221,498059.930000,4230034.323000,-0.608,-1.031,58,20,57,534,0
498017.373448,4230207.286188,498054.473000,4230278.428000,0.554,1.063,120,55,168,474,0
498325.572335,4230397.660236,498354.309000,4230436.474000,0.647,0.874,125,173,58,175,0
498028.137704,4230292.064880,498020.602000,4230295.967000,-1.057,0.547,39,13,55,364,0
497792.630586,4229867.069440,497779.761000,4229842.995000,-0.565,-1.056,96,42,41,498,0
497817.435946,4230025.693394,497774.274000,4229945.631000,-0.564,-1.047,23,44,8,369,0
497507.868807,4230038.106732,497427.438000,4229905.013000,-0.617,-1.021,16,6,33,201,0
498190.227958,4230084.273742,498179.169000,4230099.981000,-0.684,0.971,218,176,129,443,0
498198.018177,4229659.944480,498123.277000,4229532.342000,-0.598,-1.021,300,219,209,868,0
498021.353939,4230104.273336,498042.437000,4230093.577000,1.068,-0.542,66,24,53,855,0
498186.203949,4230089.989122,498179.169000,4230099.981000,-0.682,0.968,218,176,129,355,0
498183.469128,4230093.873443,498179.169000,4230099.981000,-0.680,0.966,218,176,129,118,0
498025.632142,4229956.793831,498023.758000,4229954.887000,-0.836,-0.851,121,56,197,184,0
497656.970416,4229724.642400,497623.276000,4229660.960000,-0.559,-1.056,4,3,1,266,0
497797.492826,4229988.700301,497874.991000,4230132.454000,0.567,1.053,23,8,44,437,0
498210.222923,4229849.654081,498156.184000,4229878.074000,-1.055,0.555,213,210,126,524,0
498032.236213,4230431.142047,498028.249000,4230423.565000,-0.550,-1.045,35,50,12,606,0
497427.438000,4229905.013000,497427.438000,4229905.013000,0.000,0.000,-1,6,6,517,1
498234.538374,4229726.066535,498225.039000,4229706.076000,-0.506,-1.065,299,209,214,459,0
497740.321310,4230423.905702,497647.526000,4230270.214000,-0.617,-1.021,73,27,26,589,0
497962.621848,4229949.878467,497959.240000,4229944.695000,-0.651,-0.998,187,208,114,364,0
498342.778037,4230420.899470,498354.309000,4230436.474000,0.592,0.799,125,173,58,691,0
498295.737027,4230020.822242,498298.376000,4230019.512000,1.058,-0.525,297,200,212,410,0
497895.846018,4229761.548413,497883.641000,4229738.557000,-0.554,-1.044,82,31,43,521,0
497827.456092,4229755.822274,497808.180000,4229729.368000,-0.699,-0.960,164,100,88,212,0
498344.846500,4229956.315729,498328.994000,4229926.191000,-0.554,-1.053,235,218,141,411,0
497827.022271,4230161.505380,497647.526000,4230270.214000,-1.016,0.616,22,27,8,451,0
497657.833094,4230263.971698,497647.526000,4230270.214000,-1.020,0.618,22,27,8,344,0
497820.463796,4229746.226131,497834.451000,4229765.422000,0.649,0.890,164,88,100,623,0
498238.341000,4230492.864000,498238.341000,4230492.864000,0.000,0.000,-1,149,149,107,1
497716.195591,4229721.223932,497691.124000,4229674.810000,-0.566,-1.047,9,39,2,418,0
498289.968373,4229843.204885,498328.994000,4229926.191000,0.507,1.079,301,218,214,369,0
497886.896212,4230373.466078,497791.913000,4230431.060000,-1.019,0.618,56,89,19,529,0
498170.210644,4229870.697168,498156.184000,4229878.074000,-1.049,0.552,213,210,126,331,0
498026.644606,4230101.589155,498042.437000,4230093.577000,1.067,-0.541,66,24,53,105,0
497640.771880,4230258.975355,497538.054000,4230088.056000,-0.614,-1.022,75,33,27,387,0
497955.429165,4229994.092170,497982.184000,4229979.862000,1.057,-0.562,169,114,93,378,0
498205.734018,4230113.442661,498233.885000,4230127.708000,1.061,0.538,226,137,176,637,0
498652.133111,4230028.608743,498614.551000,4229980.617000,-0.733,-0.936,219,130,158,252,0
497427.438000,4229905.013000,497427.438000,4229905.013000,0.000,0.000,-1,6,6,185,1
498207.053912,4229851.320714,498156.184000,4229878.074000,-1.056,0.556,213,210,126,194,0
497820.310746,4229921.210642,497774.274000,4229945.631000,-1.051,0.558,85,44,32,428,0
498260.435047,4230219.452100,498221.828000,4230234.007000,-1.113,0.420,145,70,135,298,0
498215.887191,4230118.587720,498179.169000,4230099.981000,-1.056,-0.535,226,176,137,162,0
498040.980468,4229992.708628,498059.930000,4230034.323000,0.490,1.076,57,20,56,415,0
498346.509000,4229959.475000,498328.994000,4229926.191000,-0.554,-1.053,235,218,141,59,0
497966.551682,4229881.688697,497944.949000,4229854.047000,-0.733,-0.938,99,43,56,848,0
497810.371884,4230538.636955,497823.722000,4230560.426000,0.624,1.018,27,10,26,579,0
498620.065307,4230174.444745,498625.529000,4230188.658000,0.425,1.107,271,190,167,481,0
497816.632696,4229774.940328,497760.054000,4229805.164000,-1.047,0.559,94,38,88,507,0
497810.087174,4229673.128095,497780.857000,4229690.541000,-1.018,0.606,19,36,7,332,0
498026.783783,4230183.117466,498009.635000,4230192.447000,-1.045,0.569,216,168,128,699,0
497968.427246,4230324.029005,497791.913000,4230431.060000,-1.018,0.617,56,89,19,39,0
497427.438000,4229905.013000,497427.438000,4229905.013000,0.000,0.000,-1,6,6,517,1
497427.438000,4229905.013000,497427.438000,4229905.013000,0.000,0.000,-1,6,6,68,1
497427.438000,4229905.013000,497427.438000,4229905.013000,0.000,0.000,-1,6,6,215,1
497954.613795,4230332.404915,497973.515000,4230320.944000,1.014,-0.615,56,19,89,484,0
497427.438000,4229905.013000,497427.438000,4229905.013000,0.000,0.000,-1,6,6,392,1
498000.158624,4230197.620372,497975.676000,4230210.986000,-1.053,0.575,141,67,168,68,0
497427.438000,4229905.013000,497427.438000,4229905.013000,0.000,0.000,-1,6,6,108,1
498228.508985,4230231.488261,498364.061000,4230180.385000,1.113,-0.420,145,135,70,777,0
498203.480994,4230133.351059,498163.859000,4230140.705000,-1.161,0.215,181,112,137,451,0
497802.672647,4229721.541846,497808.180000,4229729.368000,0.679,0.965,91,100,36,403,0
498331.511078,4229930.974239,498328.994000,4229926.191000,-0.554,-1.053,235,218,141,362,0
498117.877766,4230237.899247,498074.139000,4230153.597000,-0.548,-1.056,283,216,177,392,0
497726.874370,4229492.881879,497719.519000,4229476.967000,-0.497,-1.076,92,37,40,245,0
498238.341000,4230492.864000,498238.341000,4230492.864000,0.000,0.000,-1,149,149,465,1
497993.227862,4230310.487438,497973.515000,4230320.944000,-1.056,0.560,38,19,13,458,0
498146.250781,4230134.468115,498074.139000,4230153.597000,-1.150,0.305,154,216,81,442,0
498499.047021,4230234.324570,498508.506000,4230251.591000,0.570,1.040,151,139,78,100,0
498041.716037,4230336.189536,498055.544000,4230362.532000,0.554,1.056,37,17,13,186,0
497835.743651,4230404.482892,497973.515000,4230320.944000,1.023,-0.621,56,19,89,442,0
498145.040207,4229569.497413,498123.277000,4229532.342000,-0.602,-1.027,300,219,209,468,0
498510.680081,4230025.170681,498528.159000,4230017.692000,1.087,-0.465,278,172,201,178,0
497918.272320,4230023.289829,497934.057000,4230052.883000,0.560,1.050,166,91,93,436,0
497427.438000,4229905.013000,497427.438000,4229905.013000,0.000,0.000,-1,6,6,245,1
497771.358936,4229940.142245,497774.274000,4229945.631000,0.559,1.052,6,44,1,331,0
497916.388075,4230062.553648,497900.185000,4230071.422000,-1.035,0.567,88,34,91,906,0
497863.427381,4229715.179724,497821.294000,4229666.452000,-0.774,-0.895,17,7,31,662,0
497790.411155,4229862.917671,497800.518000,4229881.824000,0.564,1.056,96,41,42,536,0
498167.369054,4230140.053525,498233.885000,4230127.708000,1.170,-0.217,181,137,112,51,0
497864.904348,4229945.131407,497873.890000,4229940.056000,1.033,-0.584,81,97,30,615,0
498398.592729,4230233.447071,498414.410000,4230266.366000,0.518,1.078,134,63,163,628,0
498400.900512,4230286.728157,498387.107000,4230303.320000,-0.761,0.915,118,75,54,239,0
497669.392243,4230008.867746,497774.274000,4229945.631000,1.012,-0.610,87,44,33,526,0
498139.069822,4230127.724219,498147.401000,4230134.163000,0.938,0.725,122,81,57,333,0
497427.438000,4229905.013000,497427.438000,4229905.013000,0.000,0.000,-1,6,6,578,1
498173.584993,4230163.589440,498206.504000,4230209.045000,0.703,0.971,113,59,52,395,0
498044.431094,4229679.754583,498045.576000,4229682.151000,0.473,0.990,244,148,153,392,0
498116.206626,4230310.026559,498123.374000,4230327.454000,0.453,1.101,48,15,132,187,0
498091.063565,4229770.724463,498156.184000,4229878.074000,0.617,1.017,265,210,164,299,0
497427.438000,4229905.013000,497427.438000,4229905.013000,0.000,0.000,-1,6,6,735,1
498238.341000,4230492.864000,498238.341000,4230492.864000,0.000,0.000,-1,149,149,715,1
497936.887339,4230139.957695,497940.646000,4230147.195000,0.553,1.065,13,5,9,269,0
497619.472400,4230038.966102,497538.054000,4230088.056000,-1.026,0.618,87,33,44,220,0
498282.318367,4230211.202064,498221.828000,4230234.007000,-1.105,0.417,145,70,135,518,0
498401.648016,4230270.252401,498414.410000,4230266.366000,1.132,-0.345,128,63,61,252,0
498075.251158,4230397.148868,498143.077000,4230361.624000,1.054,-0.552,42,22,14,275,0
497427.438000,4229905.013000,497427.438000,4229905.013000,0.000,0.000,-1,6,6,163,1
498266.157758,4229792.606541,498225.039000,4229706.076000,-0.511,-1.075,299,209,214,400,0
498092.223208,4230188.452565,498121.166000,4230244.237000,0.547,1.055,283,177,216,892,0
498331.499314,4229930.951884,498328.994000,4229926.191000,-0.558,-1.060,235,218,141,565,0
498419.336113,4230091.098680,498448.350000,4230143.420000,0.580,1.045,230,138,211,303,0
498312.819073,4229891.795798,498267.690000,4229795.831000,-0.503,-1.070,301,214,218,454,0
498207.406211,4229713.248916,498225.039000,4229706.076000,1.093,-0.445,264,209,164,228,0
497427.438000,4229905.013000,497427.438000,4229905.013000,0.000,0.000,-1,6,6,211,1
497857.382877,4230099.792163,497874.991000,4230132.454000,0.569,1.056,23,8,44,467,0
497909.572053,4229874.447741,497932.969000,4229907.753000,0.684,0.974,171,96,99,138,0
497560.415100,4230074.573739,497538.054000,4230088.056000,-1.012,0.610,87,33,44,693,0
497906.506884,4230001.188506,497894.646000,4229978.886000,-0.561,-1.055,160,86,93,485,0
497427.438000,4229905.013000,497427.438000,4229905.013000,0.000,0.000,-1,6,6,74,1
498034.319716,4229658.590329,498029.198000,4229647.870000,-0.511,-1.069,244,153,148,441,0
497959.168315,4230293.496812,497874.991000,4230132.454000,-0.549,-1.050,21,8,19,98,0
498445.037661,4230410.719827,498452.692000,4230420.699000,0.729,0.950,155,133,82,677,0
497820.390802,4229746.125956,497834.451000,4229765.422000,0.641,0.879,164,88,100,1140,0
498417.586410,4230087.943405,498448.350000,4230143.420000,0.574,1.034,230,138,211,862,0
497885.872871,4229742.761325,497944.949000,4229854.047000,0.558,1.051,82,43,31,232,0
498302.623218,4229870.114804,498267.690000,4229795.831000,-0.508,-1.079,301,214,218,393,0
498026.212814,4230061.606996,498022.732000,4230054.748000,-0.540,-1.065,67,79,24,321,0
497427.438000,4229905.013000,497427.438000,4229905.013000,0.000,0.000,-1,6,6,250,1
498397.857536,4230290.388471,498387.107000,4230303.320000,-0.761,0.915,118,75,54,454,0
497934.526604,4230101.978454,498022.732000,4230054.748000,1.043,-0.559,25,79,9,691,0
498465.476018,4230282.146929,498483.303000,4230287.656000,1.136,0.351,135,220,63,438,0
497717.711262,4229478.057540,497719.519000,4229476.967000,1.020,-0.615,78,37,29,615,0
498337.251802,4230169.546175,498364.061000,4230180.385000,1.094,0.442,223,135,154,301,0
497911.771440,4229877.578540,497908.888000,4229873.474000,-0.681,-0.969,171,99,96,714,0
497427.438000,4229905.013000,497427.438000,4229905.013000,0.000,0.000,-1,6,6,383,1
498178.862096,4230281.325319,498183.585000,4230272.850000,0.580,-1.040,139,66,80,264,0
497817.420634,4230025.664992,497774.274000,4229945.631000,-0.562,-1.043,23,44,8,968,0
497427.438000,4229905.013000,497427.438000,4229905.013000,0.000,0.000,-1,6,6,586,1
498153.563958,4230139.767181,498161.673000,4230147.141000,0.880,0.801,114,52,81,395,0
498192.036825,4230081.704571,498203.234000,4230065.801000,0.677,-0.962,218,129,176,257,0
498157.859350,4230308.722055,498166.085000,4230304.254000,1.042,-0.566,47,80,15,402,0
498326.438539,4229920.756936,498328.994000,4229926.191000,0.506,1.075,301,218,214,258,0
498216.220712,4229709.663228,498086.126000,4229762.585000,-1.102,0.448,264,164,209,465,0
497798.273944,4229877.626166,497779.761000,4229842.995000,-0.561,-1.049,96,42,41,236,0
498207.103153,4229851.294818,498222.881000,4229842.997000,0.969,-0.510,213,126,210,233,0
498184.570789,4230218.089898,498121.166000,4230244.237000,-1.100,0.454,127,177,59,446,0
498156.377983,4229588.853922,498225.039000,4229706.076000,0.601,1.027,300,209,219,186,0
497427.438000,4229905.013000,497427.438000,4229905.013000,0.000,0.000,-1,6,6,330,1
498195.404563,4229718.131116,498086.126000,4229762.585000,-1.098,0.447,264,164,209,665,0
498242.427807,4229742.669101,498267.690000,4229795.831000,0.511,1.075,299,214,209,187,0
497814.558955,4229907.980028,497821.362000,4229920.653000,0.560,1.043,84,32,41,219,0
497962.721820,4230135.362804,498009.615000,4230110.229000,1.051,-0.563,14,53,5,245,0
497427.438000,4229905.013000,497427.438000,4229905.013000,0.000,0.000,-1,6,6,511,1
498238.341000,4230492.864000,498238.341000,4230492.864000,0.000,0.000,-1,149,149,191,1
497427.438000,4229905.013000,497427.438000,4229905.013000,0.000,0.000,-1,6,6,148,1
498292.883860,4230385.321043,498280.942000,4230368.029000,-0.676,-0.979,53,68,18,585,0
497427.438000,4229905.013000,497427.438000,4229905.013000,0.000,0.000,-1,6,6,679,1
497791.798035,4229706.088618,497808.180000,4229729.368000,0.683,0.971,91,100,36,631,0
497427.438000,4229905.013000,497427.438000,4229905.013000,0.000,0.000,-1,6,6,326,1
497427.438000,4229905.013000,497427.438000,4229905.013000,0.000,0.000,-1,6,6,338,1
498162.328149,4230145.212116,498161.673000,4230147.141000,-0.383,1.127,115,52,112,422,0
497632.551949,4229655.357812,497623.276000,4229660.960000,-1.015,0.613,10,3,4,151,0
497737.872134,4229763.529536,497739.296000,4229766.335000,0.536,1.057,7,28,2,272,0
498020.602000,4230295.967000,498055.544000,4230362.532000,0.553,1.054,37,17,13,172,0
498204.898073,4230257.587015,498183.585000,4230272.850000,-0.965,0.691,60,66,21,267,0
497427.438000,4229905.013000,497427.438000,4229905.013000,0.000,0.000,-1,6,6,176,1
498156.351793,4230386.940691,498159.540000,4230393.021000,0.556,1.060,63,65,22,605,0
497985.107718,4229985.044120,498003.027000,4230016.805000,0.585,1.036,186,183,114,89,0
498028.762906,4229959.979201,498109.127000,4230041.745000,0.834,0.849,121,197,56,655,0
498013.406466,4229941.641703,498023.758000,4229954.887000,0.676,0.864,99,56,43,269,0
497893.287357,4229851.171904,497883.667000,4229837.419000,-0.677,-0.967,168,92,99,301,0
497427.438000,4229905.013000,497427.438000,4229905.013000,0.000,0.000,-1,6,6,537,1
497802.797528,4229886.070392,497800.518000,4229881.824000,-0.558,-1.040,84,41,32,390,0
498124.758925,4229826.270488,498086.126000,4229762.585000,-0.613,-1.010,265,164,210,304,0
497886.205369,4229841.047757,497883.667000,4229837.419000,-0.626,-0.894,168,92,99,353,0
498418.974601,4230258.319740,498414.410000,4230266.366000,-0.585,1.032,133,63,76,175,0
497427.438000,4229905.013000,497427.438000,4229905.013000,0.000,0.000,-1,6,6,230,1
498039.945915,4230088.668280,498042.437000,4230093.577000,0.538,1.060,67,24,79,567,0
497831.704824,4229940.567108,497821.362000,4229920.653000,-0.553,-1.064,79,32,30,150,0
497767.591202,4229751.150215,497808.180000,4229729.368000,1.055,-0.566,77,100,28,311,0
497427.438000,4229905.013000,497427.438000,4229905.013000,0.000,0.000,-1,6,6,374,1
498096.002386,4230195.736564,498074.139000,4230153.597000,-0.548,-1.056,283,216,177,489,0
497781.367980,4229941.867973,497774.274000,4229945.631000,-1.051,0.557,85,44,32,368,0
497427.438000,4229905.013000,497427.438000,4229905.013000,0.000,0.000,-1,6,6,276,1
497427.438000,4229905.013000,497427.438000,4229905.013000,0.000,0.000,-1,6,6,363,1
497427.438000,4229905.013000,497427.438000,4229905.013000,0.000,0.000,-1,6,6,667,1
497427.438000,4229905.013000,497427.438000,4229905.013000,0.000,0.000,-1,6,6,113,1
498015.016560,4230120.396034,498009.615000,4230110.229000,-0.557,-1.048,116,53,128,334,0
497650.407936,4229518.659075,497719.519000,4229476.967000,1.015,-0.612,78,37,29,191,0
497427.438000,4229905.013000,497427.438000,4229905.013000,0.000,0.000,-1,6,6,363,1
497427.438000,4229905.013000,497427.438000,4229905.013000,0.000,0.000,-1,6,6,304,1
498082.385955,4230169.492209,498121.166000,4230244.237000,0.551,1.062,283,177,216,421,0
497819.922703,4229773.182845,497834.451000,4229765.422000,1.047,-0.559,94,88,38,305,0
497751.031044,4229546.355670,497746.848000,4229536.099000,-0.452,-1.109,89,40,35,1054,0
497883.667000,4229837.419000,497908.888000,4229873.474000,0.682,0.975,168,99,92,329,0
497611.369082,4229637.736271,497623.276000,4229660.960000,0.546,1.065,11,3,29,374,0
497427.438000,4229905.013000,497427.438000,4229905.013000,0.000,0.000,-1,6,6,261,1
497427.438000,4229905.013000,497427.438000,4229905.013000,0.000,0.000,-1,6,6,582,1
497791.139735,4229836.981560,497779.761000,4229842.995000,-1.046,0.553,98,42,85,325,0
498145.640189,4230645.308371,498163.971000,4230632.464000,0.975,-0.683,156,221,83,162,0
497940.084039,4230002.253827,497914.352000,4230015.940000,-1.051,0.559,169,93,114,189,0
497628.932308,4229531.614504,497573.962000,4229564.776000,-1.014,0.612,78,29,37,848,0
497933.561352,4230133.553503,497940.646000,4230147.195000,0.551,1.060,13,5,9,549,0
498119.971994,4230004.024553,498156.184000,4229878.074000,0.329,-1.143,293,210,197,468,0
497427.438000,4229905.013000,497427.438000,4229905.013000,0.000,0.000,-1,6,6,329,1
497782.726336,4229693.197397,497780.857000,4229690.541000,-0.685,-0.974,91,36,100,515,0
497795.129432,4229682.038673,497821.294000,4229666.452000,1.018,-0.606,19,7,36,545,0
497849.635585,4229788.084439,497858.534000,4229801.365000,0.661,0.987,158,85,88,249,0
497427.438000,4229905.013000,497427.438000,4229905.013000,0.000,0.000,-1,6,6,459,1
497664.604222,4229510.094996,497573.962000,4229564.776000,-1.023,0.617,78,29,37,378,0
497889.001490,4229845.044988,497883.667000,4229837.419000,-0.687,-0.981,168,92,99,353,0
497952.638500,4229863.886095,497944.949000,4229854.047000,-0.733,-0.939,99,43,56,507,0
497427.438000,4229905.013000,497427.438000,4229905.013000,0.000,0.000,-1,6,6,840,1
497427.438000,4229905.013000,497427.438000,4229905.013000,0.000,0.000,-1,6,6,1169,1
497770.428080,4229825.078844,497760.054000,4229805.164000,-0.548,-1.053,93,38,42,369,0
497656.479670,4229514.996229,497719.519000,4229476.967000,1.026,-0.619,78,37,29,519,0
497798.661867,4229833.006259,497779.761000,4229842.995000,-1.052,0.556,98,42,85,624,0
498417.836797,4230157.041318,498371.763000,4230177.609000,-1.095,0.489,228,163,138,370,0
497427.438000,4229905.013000,497427.438000,4229905.013000,0.000,0.000,-1,6,6,410,1
497683.825728,4229498.499393,497719.519000,4229476.967000,1.023,-0.617,78,37,29,330,0
497427.438000,4229905.013000,497427.438000,4229905.013000,0.000,0.000,-1,6,6,106,1
497935.716638,4229911.616700,497932.969000,4229907.753000,-0.691,-0.972,172,96,208,762,0
497767.642096,4229819.730664,497760.054000,4229805.164000,-0.543,-1.043,93,38,42,851,0
497427.438000,4229905.013000,497427.438000,4229905.013000,0.000,0.000,-1,6,6,394,1
497427.438000,4229905.013000,497427.438000,4229905.013000,0.000,0.000,-1,6,6,627,1
498240.722454,4230272.732733,498253.621000,4230315.331000,0.345,1.139,130,61,74,142,0
498020.381061,4229950.566040,498023.758000,4229954.887000,0.739,0.945,99,56,43,249,0
497427.438000,4229905.013000,497427.438000,4229905.013000,0.000,0.000,-1,6,6,769,1
497856.494661,4229901.715498,497821.362000,4229920.653000,-1.048,0.565,86,32,99,80,0
497427.438000,4229905.013000,497427.438000,4229905.013000,0.000,0.000,-1,6,6,295,1
497427.438000,4229905.013000,497427.438000,4229905.013000,0.000,0.000,-1,6,6,448,1
497833.822809,4229944.645085,497821.362000,4229920.653000,-0.500,-0.963,79,32,30,209,0
498216.561642,4229846.320450,498156.184000,4229878.074000,-1.053,0.554,213,210,126,649,0
497427.438000,4229905.013000,497427.438000,4229905.013000,0.000,0.000,-1,6,6,828,1
498115.710359,4230233.721778,498074.139000,4230153.597000,-0.545,-1.051,283,216,177,557,0
498202.032835,4230259.638906,498226.207000,4230242.327000,0.975,-0.698,60,21,66,765,0
497771.441937,4229585.188803,497757.798000,4229562.948000,-0.627,-1.022,18,35,7,556,0
497804.457882,4229889.163362,497821.362000,4229920.653000,0.563,1.048,84,32,41,586,0
497427.438000,4229905.013000,497427.438000,4229905.013000,0.000,0.000,-1,6,6,223,1
497802.701263,4229721.582511,497780.857000,4229690.541000,-0.685,-0.973,91,36,100,301,0
498031.323439,4230071.677559,498042.437000,4230093.577000,0.536,1.056,67,24,79,596,0
497563.765117,4230130.838498,497647.526000,4230270.214000,0.610,1.014,75,27,33,356,0
497427.438000,4229905.013000,497427.438000,4229905.013000,0.000,0.000,-1,6,6,417,1
497427.438000,4229905.013000,497427.438000,4229905.013000,0.000,0.000,-1,6,6,381,1
497427.438000,4229905.013000,497427.438000,4229905.013000,0.000,0.000,-1,6,6,442,1
497427.438000,4229905.013000,497427.438000,4229905.013000,0.000,0.000,-1,6,6,543,1
497427.438000,4229905.013000,497427.438000,4229905.013000,0.000,0.000,-1,6,6,606,1
497427.438000,4229905.013000,497427.438000,4229905.013000,0.000,0.000,-1,6,6,264,1
497953.916508,4230140.082274,497940.646000,4230147.195000,-1.042,0.559,14,5,53,251,0
497427.438000,4229905.013000,497427.438000,4229905.013000,0.000,0.000,-1,6,6,342,1
497427.438000,4229905.013000,497427.438000,4229905.013000,0.000,0.000,-1,6,6,311,1
497834.451000,4229765.422000,497858.534000,4229801.365000,0.662,0.989,158,85,88,147,0
498113.050786,4230028.097511,498156.184000,4229878.074000,0.326,-1.135,293,210,197,754,0
497851.038643,4229790.178453,497858.534000,4229801.365000,0.664,0.990,158,85,88,580,0
498190.432880,4230186.853512,498161.673000,4230147.141000,-0.695,-0.959,113,52,59,128,0
497670.889787,4229636.367120,497691.124000,4229674.810000,0.554,1.053,12,39,4,286,0
497427.438000,4229905.013000,497427.438000,4229905.013000,0.000,0.000,-1,6,6,599,1
497427.438000,4229905.013000,497427.438000,4229905.013000,0.000,0.000,-1,6,6,412,1
497928.307638,4229822.698547,497944.949000,4229854.047000,0.559,1.054,82,43,31,189,0
497427.438000,4229905.013000,497427.438000,4229905.013000,0.000,0.000,-1,6,6,166,1
497427.438000,4229905.013000,497427.438000,4229905.013000,0.000,0.000,-1,6,6,327,1
497427.438000,4229905.013000,497427.438000,4229905.013000,0.000,0.000,-1,6,6,240,1
498038.921088,4229668.221520,498029.198000,4229647.870000,-0.511,-1.070,244,153,148,352,0
497830.034597,4229816.426381,497779.761000,4229842.995000,-1.053,0.557,98,42,85,404,0
498042.437000,4230093.577000,498022.732000,4230054.748000,-0.539,-1.061,67,79,24,215,0
497427.438000,4229905.013000,497427.438000,4229905.013000,0.000,0.000,-1,6,6,380,1
497959.617725,4230181.743254,497940.646000,4230147.195000,-0.572,-1.042,15,5,67,227,0
497427.438000,4229905.013000,497427.438000,4229905.013000,0.000,0.000,-1,6,6,447,1
497656.742138,4230285.478177,497756.906000,4230451.374000,0.614,1.017,73,26,27,159,0
497427.438000,4229905.013000,497427.438000,4229905.013000,0.000,0.000,-1,6,6,443,1
498017.821160,4230290.706826,497975.676000,4230210.986000,-0.556,-1.052,40,67,13,245,0
497646.348323,4229704.566658,497623.276000,4229660.960000,-0.559,-1.056,4,3,1,551,0
497427.438000,4229905.013000,497427.438000,4229905.013000,0.000,0.000,-1,6,6,278,1
497960.597412,4230183.527302,497940.646000,4230147.195000,-0.576,-1.049,15,5,67,253,0
497427.438000,4229905.013000,497427.438000,4229905.013000,0.000,0.000,-1,6,6,408,1
498056.721289,4230277.237518,498054.473000,4230278.428000,-1.058,0.560,30,55,11,597,0
497427.438000,4229905.013000,497427.438000,4229905.013000,0.000,0.000,-1,6,6,82,1
497835.319046,4229682.672122,497883.641000,4229738.557000,0.780,0.902,17,31,7,533,0
497427.438000,4229905.013000,497427.438000,4229905.013000,0.000,0.000,-1,6,6,466,1
497861.822214,4229898.843796,497821.362000,4229920.653000,-1.051,0.567,86,32,99,825,0
497861.769869,4229946.901869,497873.890000,4229940.056000,1.032,-0.583,81,97,30,164,0
497815.734357,4229775.420210,497834.451000,4229765.422000,1.044,-0.558,94,88,38,135,0
498077.582287,4229745.637897,498045.576000,4229682.151000,-0.533,-1.057,245,148,164,274,0
497427.438000,4229905.013000,497427.438000,4229905.013000,0.000,0.000,-1,6,6,724,1
498108.081192,4230219.017297,498121.166000,4230244.237000,0.548,1.057,283,177,216,753,0
497949.124947,4230045.001002,497934.057000,4230052.883000,-1.060,0.555,167,91,183,487,0
497611.195042,4230043.956801,497538.054000,4230088.056000,-1.020,0.615,87,33,44,263,0
498091.107604,4230149.095787,498074.139000,4230153.597000,-1.145,0.304,154,216,81,215,0
497839.375918,4229772.772261,497834.451000,4229765.422000,-0.658,-0.982,158,88,85,366,0
497749.014598,4230208.749294,497874.991000,4230132.454000,1.013,-0.613,22,8,27,518,0
497427.438000,4229905.013000,497427.438000,4229905.013000,0.000,0.000,-1,6,6,674,1
497427.438000,4229905.013000,497427.438000,4229905.013000,0.000,0.000,-1,6,6,317,1
497427.438000,4229905.013000,497427.438000,4229905.013000,0.000,0.000,-1,6,6,431,1
497713.863085,4230380.084419,497756.906000,4230451.374000,0.612,1.014,73,26,27,423,0
497845.924809,4229782.546242,497834.451000,4229765.422000,-0.668,-0.997,158,88,85,231,0
497427.438000,4229905.013000,497427.438000,4229905.013000,0.000,0.000,-1,6,6,423,1
497427.438000,4229905.013000,497427.438000,4229905.013000,0.000,0.000,-1,6,6,612,1
497427.438000,4229905.013000,497427.438000,4229905.013000,0.000,0.000,-1,6,6,533,1
497918.078989,4230104.036546,497900.185000,4230071.422000,-0.572,-1.043,24,34,9,109,0
497427.438000,4229905.013000,497427.438000,4229905.013000,0.000,0.000,-1,6,6,728,1
497744.442165,4229530.893474,497746.848000,4229536.099000,0.498,1.078,92,40,37,492,0
497956.380776,4230138.761476,498009.615000,4230110.229000,1.049,-0.562,14,53,5,137,0
497427.438000,4229905.013000,497427.438000,4229905.013000,0.000,0.000,-1,6,6,146,1
498003.425478,4230263.476281,498020.602000,4230295.967000,0.557,1.054,40,13,67,438,0
497778.976915,4229745.040006,497808.180000,4229729.368000,1.042,-0.559,77,100,28,849,0
497917.754189,4230110.862079,497874.991000,4230132.454000,-1.062,0.536,20,8,9,588,0
498249.595663,4229757.753177,498267.690000,4229795.831000,0.510,1.073,299,214,209,54,0
497890.446175,4229847.110256,497883.667000,4229837.419000,-0.682,-0.975,168,92,99,376,0
497876.868463,4229827.666306,497858.534000,4229801.365000,-0.680,-0.975,159,85,92,94,0
497615.754019,4230217.346413,497538.054000,4230088.056000,-0.609,-1.013,75,33,27,357,0
497427.438000,4229905.013000,497427.438000,4229905.013000,0.000,0.000,-1,6,6,250,1
497765.149800,4229752.460408,497739.296000,4229766.335000,-1.052,0.565,77,28,100,700,0
497639.499789,4229651.161680,497669.227000,4229633.208000,1.010,-0.610,10,4,3,727,0
497852.116088,4229979.680688,497900.185000,4230071.422000,0.551,1.051,80,34,30,88,0
497907.489825,4229871.475221,497908.888000,4229873.474000,0.681,0.974,168,99,92,257,0
497427.438000,4229905.013000,497427.438000,4229905.013000,0.000,0.000,-1,6,6,695,1
497427.438000,4229905.013000,497427.438000,4229905.013000,0.000,0.000,-1,6,6,571,1
498012.307829,4230060.329726,498022.732000,4230054.748000,1.048,-0.561,25,79,9,48,0
497620.952337,4229656.427835,497623.276000,4229660.960000,0.545,1.063,11,3,29,358,0
497427.438000,4229905.013000,497427.438000,4229905.013000,0.000,0.000,-1,6,6,527,1
497743.852554,4229529.617727,497719.519000,4229476.967000,-0.499,-1.080,92,37,40,876,0
497833.936635,4229913.874915,497908.888000,4229873.474000,1.048,-0.565,86,99,32,469,0
498064.675768,4230135.680679,498074.139000,4230153.597000,0.559,1.058,68,216,24,395,0
498107.069298,4229754.065388,498086.126000,4229762.585000,-1.108,0.451,264,164,209,236,0
497822.954429,4229820.168112,497858.534000,4229801.365000,1.058,-0.559,98,85,42,388,0
497850.599612,4229789.523215,497834.451000,4229765.422000,-0.661,-0.986,158,88,85,203,0
497806.810316,4229727.421628,497780.857000,4229690.541000,-0.685,-0.973,91,36,100,661,0
497427.438000,4229905.013000,497427.438000,4229905.013000,0.000,0.000,-1,6,6,363,1
497704.614827,4229814.470188,497673.639000,4229756.146000,-0.554,-1.044,6,1,44,332,0
497427.438000,4229905.013000,497427.438000,4229905.013000,0.000,0.000,-1,6,6,711,1
497929.881505,4230055.168354,497900.185000,4230071.422000,-1.044,0.571,88,34,91,529,0
498222.633219,4229701.968711,498123.277000,4229532.342000,-0.601,-1.027,300,219,209,287,0
497427.438000,4229905.013000,497427.438000,4229905.013000,0.000,0.000,-1,6,6,121,1
497950.382856,4229949.383278,497959.240000,4229944.695000,1.049,-0.555,162,208,86,129,0
497885.943480,4229885.841748,497821.362000,4229920.653000,-1.045,0.564,86,32,99,207,0
498117.028597,4230014.262110,498156.184000,4229878.074000,0.331,-1.152,293,210,197,853,0
498255.264148,4230318.500379,498280.942000,4230368.029000,0.548,1.056,129,68,61,754,0
497985.800303,4230122.993200,498009.615000,4230110.229000,1.051,-0.563,14,53,5,270,0
497770.366812,4229938.274181,497673.639000,4229756.146000,-0.558,-1.051,6,1,44,564,0
498026.501682,4230062.176216,498042.437000,4230093.577000,0.539,1.061,67,24,79,322,0
497620.824517,4229656.178530,497623.276000,4229660.960000,0.547,1.066,11,3,29,338,0
497427.438000,4229905.013000,497427.438000,4229905.013000,0.000,0.000,-1,6,6,452,1
497427.438000,4229905.013000,497427.438000,4229905.013000,0.000,0.000,-1,6,6,257,1
497427.438000,4229905.013000,497427.438000,4229905.013000,0.000,0.000,-1,6,6,572,1
497427.438000,4229905.013000,497427.438000,4229905.013000,0.000,0.000,-1,6,6,603,1
497427.438000,4229905.013000,497427.438000,4229905.013000,0.000,0.000,-1,6,6,90,1
497965.785426,4229954.727382,497982.184000,4229979.862000,0.655,1.004,187,114,208,95,0
497427.438000,4229905.013000,497427.438000,4229905.013000,0.000,0.000,-1,6,6,614,1
497808.322072,4229779.379765,497760.054000,4229805.164000,-1.041,0.556,94,38,88,103,0
497427.438000,4229905.013000,497427.438000,4229905.013000,0.000,0.000,-1,6,6,727,1
497778.661449,4229840.884221,497760.054000,4229805.164000,-0.550,-1.055,93,38,42,497,0
497817.960121,4229914.315851,497821.362000,4229920.653000,0.562,1.046,84,32,41,150,0
497847.944063,4229785.559905,497834.451000,4229765.422000,-0.661,-0.987,158,88,85,470,0
497427.438000,4229905.013000,497427.438000,4229905.013000,0.000,0.000,-1,6,6,262,1
497427.438000,4229905.013000,497427.438000,4229905.013000,0.000,0.000,-1,6,6,460,1
497605.361419,4229626.018684,497623.276000,4229660.960000,0.542,1.058,11,3,29,646,0
497427.438000,4229905.013000,497427.438000,4229905.013000,0.000,0.000,-1,6,6,151,1
498092.547985,4230089.626359,498094.871000,4230093.565000,0.601,1.018,58,57,20,362,0
498040.557540,4230089.873496,498042.437000,4230093.577000,0.536,1.055,67,24,79,507,0
497427.438000,4229905.013000,497427.438000,4229905.013000,0.000,0.000,-1,6,6,197,1
497774.410000,4230441.162000,497756.906000,4230451.374000,-1.028,0.600,74,26,90,1052,0
497835.660310,4229948.183015,497841.068000,4229958.595000,0.551,1.061,79,30,32,174,0
497902.812001,4229864.787979,497908.888000,4229873.474000,0.682,0.975,168,99,92,52,0
497590.246277,4229596.537507,497573.962000,4229564.776000,-0.539,-1.052,11,29,3,450,0
497964.693138,4230134.306216,497940.646000,4230147.195000,-1.048,0.561,14,5,53,311,0
497754.977570,4229757.919394,497808.180000,4229729.368000,1.043,-0.560,77,100,28,457,0
497893.442775,4229976.635025,497894.646000,4229978.886000,0.559,1.045,161,86,97,740,0
497670.037369,4229749.338923,497673.639000,4229756.146000,0.561,1.059,4,1,3,285,0
497843.066620,4229809.539210,497858.534000,4229801.365000,1.061,-0.560,98,85,42,676,0
498173.236159,4230099.529446,498094.871000,4230093.565000,-1.187,-0.090,123,57,176,71,0
497427.438000,4229905.013000,497427.438000,4229905.013000,0.000,0.000,-1,6,6,331,1
497427.438000,4229905.013000,497427.438000,4229905.013000,0.000,0.000,-1,6,6,353,1
498065.670023,4230137.563059,498074.139000,4230153.597000,0.553,1.048,68,216,24,370,0
497892.991864,4230123.365033,497920.941000,4230109.253000,1.056,-0.533,20,9,8,187,0
497615.119502,4229645.051239,497573.962000,4229564.776000,-0.544,-1.062,11,29,3,394,0
497726.366704,4229491.783437,497719.519000,4229476.967000,-0.501,-1.085,92,37,40,472,0
497826.053983,4229769.907588,497760.054000,4229805.164000,-1.050,0.561,94,38,88,250,0
497666.997922,4229743.594372,497623.276000,4229660.960000,-0.552,-1.044,4,3,1,633,0
498261.640825,4230218.997520,498221.828000,4230234.007000,-1.109,0.418,145,70,135,152,0
498429.395863,4230151.881266,498448.350000,4230143.420000,1.095,-0.489,228,138,163,385,0
497427.438000,4229905.013000,497427.438000,4229905.013000,0.000,0.000,-1,6,6,923,1
497752.725606,4229791.455829,497739.296000,4229766.335000,-0.565,-1.057,76,28,38,360,0
497864.185349,4230002.715323,497900.185000,4230071.422000,0.551,1.051,80,34,30,185,0
497722.805206,4230224.622532,497874.991000,4230132.454000,1.014,-0.614,22,8,27,435,0
497663.447157,4230260.571643,497647.526000,4230270.214000,-1.019,0.617,22,27,8,429,0
498095.939226,4230195.614831,498121.166000,4230244.237000,0.546,1.053,283,177,216,723,0
497855.024614,4229796.127369,497858.534000,4229801.365000,0.661,0.987,158,85,88,449,0
497427.438000,4229905.013000,497427.438000,4229905.013000,0.000,0.000,-1,6,6,609,1
497427.438000,4229905.013000,497427.438000,4229905.013000,0.000,0.000,-1,6,6,160,1
497910.405399,4229970.544210,497959.240000,4229944.695000,1.050,-0.556,162,208,86,676,0
497427.438000,4229905.013000,497427.438000,4229905.013000,0.000,0.000,-1,6,6,199,1
498228.370145,4230428.942551,498214.257000,4230433.730000,-1.127,0.382,136,64,72,471,0
497580.865693,4229578.241239,497573.962000,4229564.776000,-0.546,-1.066,11,29,3,312,0
497427.438000,4229905.013000,497427.438000,4229905.013000,0.000,0.000,-1,6,6,184,1
497427.438000,4229905.013000,497427.438000,4229905.013000,0.000,0.000,-1,6,6,650,1
497427.438000,4229905.013000,497427.438000,4229905.013000,0.000,0.000,-1,6,6,242,1
497599.927871,4229615.420874,497573.962000,4229564.776000,-0.543,-1.059,11,29,3,130,0
497427.438000,4229905.013000,497427.438000,4229905.013000,0.000,0.000,-1,6,6,850,1
498033.783946,4230076.526026,498022.732000,4230054.748000,-0.543,-1.069,67,79,24,510,0
497731.995766,4229751.951239,497739.296000,4229766.335000,0.541,1.066,7,28,2,654,0
497983.951027,4230758.969795,497969.251000,4230769.319000,-0.976,0.687,157,228,83,524,0
497558.525202,4230075.713222,497774.274000,4229945.631000,1.020,-0.615,87,44,33,897,0
497821.787914,4229772.186471,497760.054000,4229805.164000,-1.057,0.565,94,38,88,430,0
497427.438000,4229905.013000,497427.438000,4229905.013000,0.000,0.000,-1,6,6,320,1
497888.441718,4229844.244758,497908.888000,4229873.474000,0.682,0.975,168,99,92,589,0
497427.438000,4229905.013000,497427.438000,4229905.013000,0.000,0.000,-1,6,6,532,1
497849.207131,4229698.733847,497821.294000,4229666.452000,-0.780,-0.902,17,7,31,705,0
497749.269082,4229542.035405,497746.848000,4229536.099000,-0.447,-1.095,89,40,35,53,0
497984.522975,4229984.007696,498003.027000,4230016.805000,0.585,1.036,186,183,114,256,0
497427.438000,4229905.013000,497427.438000,4229905.013000,0.000,0.000,-1,6,6,373,1
497799.370279,4229879.677020,497800.518000,4229881.824000,0.561,1.050,96,41,42,168,0
497866.494477,4229718.726856,497821.294000,4229666.452000,-0.775,-0.897,17,7,31,505,0
497907.102062,4230116.240534,497874.991000,4230132.454000,-1.066,0.538,20,8,9,330,0
497427.438000,4229905.013000,497427.438000,4229905.013000,0.000,0.000,-1,6,6,463,1
497823.660905,4229869.464733,497883.667000,4229837.419000,1.047,-0.559,97,92,41,222,0
497894.624126,4230060.808865,497841.068000,4229958.595000,-0.557,-1.062,80,30,34,713,0
497427.438000,4229905.013000,497427.438000,4229905.013000,0.000,0.000,-1,6,6,981,1
498088.986742,4230083.588319,498094.871000,4230093.565000,0.600,1.017,58,57,20,565,0
497427.438000,4229905.013000,497427.438000,4229905.013000,0.000,0.000,-1,6,6,242,1
498168.720548,4230127.773474,498163.859000,4230140.705000,-0.419,1.114,182,112,176,289,0
497427.438000,4229905.013000,497427.438000,4229905.013000,0.000,0.000,-1,6,6,198,1
497427.438000,4229905.013000,497427.438000,4229905.013000,0.000,0.000,-1,6,6,205,1
497692.795141,4229619.067115,497669.227000,4229633.208000,-1.016,0.610,0,4,0,220,0
498123.374000,4230327.454000,498143.077000,4230361.624000,0.594,1.031,45,22,15,662,0
497427.438000,4229905.013000,497427.438000,4229905.013000,0.000,0.000,-1,6,6,188,1
498304.867600,4230299.724897,498414.410000,4230266.366000,1.138,-0.346,128,63,61,234,0
497427.438000,4229905.013000,497427.438000,4229905.013000,0.000,0.000,-1,6,6,259,1
497427.438000,4229905.013000,497427.438000,4229905.013000,0.000,0.000,-1,6,6,169,1
497427.438000,4229905.013000,497427.438000,4229905.013000,0.000,0.000,-1,6,6,764,1
497832.433559,4229914.685115,497821.362000,4229920.653000,-1.039,0.560,86,32,99,168,0
498523.394541,4230279.735542,498521.641000,4230276.554000,-0.577,-1.048,200,159,121,711,0
497427.438000,4229905.013000,497427.438000,4229905.013000,0.000,0.000,-1,6,6,408,1
498316.882508,4229900.436496,498267.690000,4229795.831000,-0.503,-1.069,301,214,218,55,0
497750.311191,4229900.511579,497673.639000,4229756.146000,-0.563,-1.060,6,1,44,380,0
497427.438000,4229905.013000,497427.438000,4229905.013000,0.000,0.000,-1,6,6,111,1
498050.287029,4230186.684744,498089.483000,4230259.890000,0.566,1.057,31,11,128,324,0
498397.610911,4230051.527984,498365.161000,4229991.759000,-0.565,-1.041,249,151,211,526,0
497904.547266,4230188.999213,497874.991000,4230132.454000,-0.552,-1.057,21,8,19,505,0
498203.620954,4229853.126161,498222.881000,4229842.997000,1.058,-0.557,213,126,210,146,0
498000.688025,4230012.659304,497982.184000,4229979.862000,-0.585,-1.036,186,114,183,431,0
498086.302609,4230627.701032,498093.958000,4230681.522000,0.167,1.177,143,83,69,410,0
497528.961300,4229843.626291,497427.438000,4229905.013000,-1.023,0.618,5,6,1,205,0
497868.237027,4230119.925852,497774.274000,4229945.631000,-0.562,-1.043,23,44,8,615,0
498095.886168,4230147.828191,498147.401000,4230134.163000,1.147,-0.304,154,81,216,475,0
498158.282594,4230286.307116,498115.754000,4230308.926000,-1.058,0.563,140,132,66,153,0
497427.438000,4229905.013000,497427.438000,4229905.013000,0.000,0.000,-1,6,6,735,1
498127.862628,4230418.761050,498147.475000,4230455.936000,0.555,1.053,49,16,23,588,0
497573.962000,4229564.776000,497719.519000,4229476.967000,1.019,-0.615,78,37,29,661,0
497427.438000,4229905.013000,497427.438000,4229905.013000,0.000,0.000,-1,6,6,769,1
498150.309418,4230075.985874,498179.169000,4230099.981000,0.912,0.759,282,176,197,602,0
497427.438000,4229905.013000,497427.438000,4229905.013000,0.000,0.000,-1,6,6,360,1
497589.654074,4229595.382449,497623.276000,4229660.960000,0.544,1.062,11,3,29,711,0
497427.438000,4229905.013000,497427.438000,4229905.013000,0.000,0.000,-1,6,6,53,1
497864.171443,4229897.577495,497908.888000,4229873.474000,1.045,-0.563,86,99,32,276,0
497764.899556,4229814.465884,497760.054000,4229805.164000,-0.554,-1.063,93,38,42,372,0
498067.554637,4230508.652758,498072.040000,4230528.075000,0.267,1.156,36,77,12,196,0
497427.438000,4229905.013000,497427.438000,4229905.013000,0.000,0.000,-1,6,6,634,1
497812.867741,4229875.228728,497800.518000,4229881.824000,-1.054,0.563,97,41,92,174,0
497774.078553,4229589.486716,497757.798000,4229562.948000,-0.617,-1.007,18,35,7,460,0
497671.258551,4229637.067734,497669.227000,4229633.208000,-0.551,-1.047,12,4,39,212,0
497981.267047,4230221.561897,498020.602000,4230295.967000,0.559,1.058,40,13,67,744,0
497909.935645,4229872.909606,497944.949000,4229854.047000,1.048,-0.564,100,43,99,416,0
497752.010595,4230651.049008,497764.671000,4230676.059000,0.540,1.066,102,102,45,622,0
497862.017342,4229998.577601,497841.068000,4229958.595000,-0.555,-1.059,80,30,34,390,0
497795.158092,4229623.848198,497821.294000,4229666.452000,0.620,1.011,18,7,35,290,0
497578.810853,4230063.482320,497774.274000,4229945.631000,1.025,-0.618,87,44,33,194,0
497751.638155,4229789.421691,497739.296000,4229766.335000,-0.561,-1.050,76,28,38,337,0
498049.689847,4229981.271148,498109.127000,4230041.745000,0.840,0.855,121,197,56,473,0
498014.611554,4230201.990001,498054.473000,4230278.428000,0.553,1.060,120,55,168,362,0
497732.530489,4229653.628326,497749.067000,4229645.169000,1.068,-0.546,95,94,39,501,0
497427.438000,4229905.013000,497427.438000,4229905.013000,0.000,0.000,-1,6,6,637,1
497708.898023,4229665.717619,497691.124000,4229674.810000,-1.060,0.542,95,39,94,160,0
497810.112214,4230574.355145,497828.101000,4230569.634000,1.152,-0.302,180,109,108,579,0
497684.479460,4229624.056524,497729.357000,4229597.130000,1.014,-0.609,0,0,4,457,0
497920.026794,4230026.579123,497914.352000,4230015.940000,-0.559,-1.048,166,93,91,347,0
497819.673479,4229917.507559,497800.518000,4229881.824000,-0.563,-1.048,84,41,32,396,0
498125.566508,4230242.422302,498206.504000,4230209.045000,1.100,-0.454,127,59,177,433,0
497897.423530,4230066.151632,497841.068000,4229958.595000,-0.552,-1.054,80,30,34,939,0
497427.438000,4229905.013000,497427.438000,4229905.013000,0.000,0.000,-1,6,6,449,1
498338.291943,4230039.575033,498324.634000,4230007.523000,-0.465,-1.092,284,182,179,102,0
497863.762506,4229749.413591,497834.451000,4229765.422000,-1.040,0.568,83,88,31,196,0
497427.438000,4229905.013000,497427.438000,4229905.013000,0.000,0.000,-1,6,6,449,1
497812.875775,4229875.224438,497800.518000,4229881.824000,-1.053,0.562,97,41,92,336,0
497427.438000,4229905.013000,497427.438000,4229905.013000,0.000,0.000,-1,6,6,362,1
498054.473000,4230278.428000,498071.988000,4230309.824000,0.580,1.039,119,131,55,931,0
497548.844349,4230106.010806,497538.054000,4230088.056000,-0.613,-1.020,75,33,27,475,0
497884.198968,4229739.608081,497944.949000,4229854.047000,0.558,1.051,82,43,31,284,0
497427.438000,4229905.013000,497427.438000,4229905.013000,0.000,0.000,-1,6,6,30,1
497427.438000,4229905.013000,497427.438000,4229905.013000,0.000,0.000,-1,6,6,191,1
497427.438000,4229905.013000,497427.438000,4229905.013000,0.000,0.000,-1,6,6,290,1
497638.326430,4229689.405292,497673.639000,4229756.146000,0.558,1.054,4,1,3,530,0
497584.280258,4229584.901144,497623.276000,4229660.960000,0.544,1.061,11,3,29,1027,0
497676.126555,4229754.595541,497673.639000,4229756.146000,-1.006,0.627,3,1,2,425,0
498039.729585,4230166.911881,498043.506000,4230174.020000,0.558,1.050,116,128,53,208,0
497427.438000,4229905.013000,497427.438000,4229905.013000,0.000,0.000,-1,6,6,298,1
497810.129511,4229648.252912,497757.798000,4229562.948000,-0.618,-1.008,18,35,7,418,0
497871.560942,4230016.791917,497900.185000,4230071.422000,0.552,1.053,80,34,30,98,0
497427.438000,4229905.013000,497427.438000,4229905.013000,0.000,0.000,-1,6,6,390,1
497976.875134,4230327.243929,498028.249000,4230423.565000,0.560,1.050,55,50,19,461,0
498038.294092,4230085.413337,498042.437000,4230093.577000,0.535,1.055,67,24,79,604,0
497797.205678,4229933.466808,497774.274000,4229945.631000,-1.045,0.555,85,44,32,158,0
497918.459865,4230061.419705,497900.185000,4230071.422000,-1.037,0.568,88,34,91,858,0
497427.438000,4229905.013000,497427.438000,4229905.013000,0.000,0.000,-1,6,6,352,1
497427.438000,4229905.013000,497427.438000,4229905.013000,0.000,0.000,-1,6,6,188,1
497759.492965,4229804.114553,497739.296000,4229766.335000,-0.561,-1.049,76,28,38,155,0
497971.608620,4230203.579142,497975.676000,4230210.986000,0.525,0.955,15,67,5,276,0
497427.438000,4229905.013000,497427.438000,4229905.013000,0.000,0.000,-1,6,6,209,1
497921.489465,4230110.309071,497940.646000,4230147.195000,0.548,1.056,13,5,9,221,0
498052.402298,4230017.791691,498059.930000,4230034.323000,0.490,1.076,57,20,56,389,0
498238.341000,4230492.864000,498238.341000,4230492.864000,0.000,0.000,-1,149,149,258,1
497752.171714,4229707.847777,497780.857000,4229690.541000,1.012,-0.611,8,36,2,263,0
498029.194070,4229966.824953,498059.930000,4230034.323000,0.494,1.086,57,20,56,529,0
498028.990589,4230051.311480,498059.930000,4230034.323000,1.043,-0.573,59,20,79,321,0
497427.438000,4229905.013000,497427.438000,4229905.013000,0.000,0.000,-1,6,6,438,1
497690.015476,4229672.703920,497669.227000,4229633.208000,-0.554,-1.053,12,4,39,438,0
497931.328793,4230129.254708,497940.646000,4230147.195000,0.545,1.050,13,5,9,944,0
497427.438000,4229905.013000,497427.438000,4229905.013000,0.000,0.000,-1,6,6,295,1
497729.473862,4229498.506424,497746.848000,4229536.099000,0.498,1.079,92,40,37,547,0
497427.438000,4229905.013000,497427.438000,4229905.013000,0.000,0.000,-1,6,6,393,1
497427.438000,4229905.013000,497427.438000,4229905.013000,0.000,0.000,-1,6,6,64,1
497635.571279,4229653.534295,497623.276000,4229660.960000,-1.012,0.611,10,3,4,548,0
498014.977518,4230120.322546,498009.615000,4230110.229000,-0.560,-1.054,116,53,128,285,0
497786.465771,4229609.678958,497757.798000,4229562.948000,-0.621,-1.012,18,35,7,365,0
497769.369458,4229823.046636,497779.761000,4229842.995000,0.546,1.049,93,42,38,407,0
497643.669374,4229648.643469,497669.227000,4229633.208000,1.013,-0.612,10,4,3,389,0
497472.708785,4229877.639732,497427.438000,4229905.013000,-1.018,0.616,5,6,1,384,0
