0,0,0,0,0,0,0,0,0,0,0,-58.547759,-37.306134,-45.842829,0.000000,0.000000,0.000000,0.000000,0.000000,0.000000,0.000000,1473456,1478174,1478875,0,0,0,0,0,0,0
1,0,0,0,0,0,0,0,0,0,0,-65.829419,-89.146246,-332.122781,-196.717649,0.000000,0.000000,0.000000,0.000000,0.000000,0.000000,895157,894636,893282,895345,0,0,0,0,0,0
2,0,0,0,0,0,0,0,0,0,0,-63.877567,-65.517244,-52.347850,-47.578789,0.000000,0.000000,0.000000,0.000000,0.000000,0.000000,1514870,1510446,1509943,1511410,0,0,0,0,0,0
3,0,0,0,0,0,0,0,0,0,0,-45.531175,-90.287644,-116.148407,0.000000,0.000000,0.000000,0.000000,0.000000,0.000000,0.000000,1127699,1125327,1127740,0,0,0,0,0,0,0
4,0,0,0,0,0,0,0,0,0,0,-39.050608,-58.302667,-71.993917,0.000000,0.000000,0.000000,0.000000,0.000000,0.000000,0.000000,1416594,1414332,1414199,0,0,0,0,0,0,0
5,0,0,0,0,0,0,0,0,0,0,-36.781107,-103.048920,-61.082159,0.000000,0.000000,0.000000,0.000000,0.000000,0.000000,0.000000,1392881,1392095,1392071,0,0,0,0,0,0,0
6,0,0,0,0,0,0,0,0,0,0,100000.000000,0.000000,0.000000,0.000000,0.000000,0.000000,0.000000,0.000000,0.000000,0.000000,1320621,0,0,0,0,0,0,0,0,0
7,0,0,0,0,0,0,0,0,0,0,-80.219408,-106.227536,-39.649324,0.000000,0.000000,0.000000,0.000000,0.000000,0.000000,0.000000,1530875,1530665,1531308,0,0,0,0,0,0,0
8,0,0,0,0,0,0,0,0,0,0,-42.927231,-242.152357,-246.634571,-183.341066,0.000000,0.000000,0.000000,0.000000,0.000000,0.000000,953528,950294,950347,950275,0,0,0,0,0,0
9,0,0,0,0,0,0,0,0,0,0,-37.261212,-123.637830,-83.568631,-44.377759,0.000000,0.000000,0.000000,0.000000,0.000000,0.000000,1368980,1365029,1368282,1368231,0,0,0,0,0,0
10,0,0,0,0,0,0,0,0,0,0,-287.160408,-113.049665,-171.285897,-47.577636,0.000000,0.000000,0.000000,0.000000,0.000000,0.000000,424899,425396,424664,426149,0,0,0,0,0,0
11,0,0,0,0,0,0,0,0,0,0,-33.995014,-120.721852,-91.729930,-32.655043,0.000000,0.000000,0.000000,0.000000,0.000000,0.000000,1394624,1393562,1393510,1394374,0,0,0,0,0,0
12,0,0,0,0,0,0,0,0,0,0,-136.856374,-62.167537,-33.025470,-309.117059,0.000000,0.000000,0.000000,0.000000,0.000000,0.000000,592885,592576,594600,594031,0,0,0,0,0,0
13,0,0,0,0,0,0,0,0,0,0,-69.246425,-45.552828,-33.749238,-126.550082,0.000000,0.000000,0.000000,0.000000,0.000000,0.000000,1241725,1242183,1243084,1242237,0,0,0,0,0,0
14,0,0,0,0,0,0,0,0,0,0,-33.366898,-111.595704,-43.932680,-65.989720,0.000000,0.000000,0.000000,0.000000,0.000000,0.000000,1095532,1092712,1093693,1093870,0,0,0,0,0,0
15,0,0,0,0,0,0,0,0,0,0,-65.389723,-32.781360,-41.140995,-24.930161,0.000000,0.000000,0.000000,0.000000,0.000000,0.000000,1295649,1294486,1294654,1296737,0,0,0,0,0,0
16,0,0,0,0,0,0,0,0,0,0,-86.964241,-66.992306,-119.098607,0.000000,0.000000,0.000000,0.000000,0.000000,0.000000,0.000000,699618,699927,698484,0,0,0,0,0,0,0
17,0,0,0,0,0,0,0,0,0,0,-32.922750,-75.940314,-34.047487,0.000000,0.000000,0.000000,0.000000,0.000000,0.000000,0.000000,1253349,1253920,1253295,0,0,0,0,0,0,0
18,0,0,0,0,0,0,0,0,0,0,-24.184836,-34.936031,-56.567256,0.000000,0.000000,0.000000,0.000000,0.000000,0.000000,0.000000,991618,992876,991970,0,0,0,0,0,0,0
19,0,0,0,0,0,0,0,0,0,0,-156.545229,-214.289239,-289.414137,-80.539109,0.000000,0.000000,0.000000,0.000000,0.000000,0.000000,942585,942547,941819,943781,0,0,0,0,0,0
20,0,0,0,0,0,0,0,0,0,0,-109.051284,-66.974543,-46.591934,0.000000,0.000000,0.000000,0.000000,0.000000,0.000000,0.000000,1429584,1428691,1432064,0,0,0,0,0,0,0
21,0,0,0,0,0,0,0,0,0,0,-43.544660,-128.808564,-40.141971,0.000000,0.000000,0.000000,0.000000,0.000000,0.000000,0.000000,1277784,1278991,1278606,0,0,0,0,0,0,0
22,0,0,0,0,0,0,0,0,0,0,-32.671041,-105.795695,-84.266043,0.000000,0.000000,0.000000,0.000000,0.000000,0.000000,0.000000,1153252,1154080,1154915,0,0,0,0,0,0,0
23,0,0,0,0,0,0,0,0,0,0,-35.355508,-23.806067,-42.662327,0.000000,0.000000,0.000000,0.000000,0.000000,0.000000,0.000000,946918,947239,947791,0,0,0,0,0,0,0
24,0,0,0,0,0,0,0,0,0,0,-32.296036,-36.469309,-126.985129,0.000000,0.000000,0.000000,0.000000,0.000000,0.000000,0.000000,1460154,1459816,1458725,0,0,0,0,0,0,0
25,0,0,0,0,0,0,0,0,0,0,-116.461146,-104.329881,-32.968601,0.000000,0.000000,0.000000,0.000000,0.000000,0.000000,0.000000,1949526,1950099,1950220,0,0,0,0,0,0,0
26,0,0,0,0,0,0,0,0,0,0,-222.491654,-30.850472,-224.276378,0.000000,0.000000,0.000000,0.000000,0.000000,0.000000,0.000000,556501,557284,555475,0,0,0,0,0,0,0
27,0,0,0,0,0,0,0,0,0,0,-212.316058,-274.648953,-214.991009,0.000000,0.000000,0.000000,0.000000,0.000000,0.000000,0.000000,631570,630608,632002,0,0,0,0,0,0,0
28,0,0,0,0,0,0,0,0,0,0,-37.232677,-69.178193,-36.473619,0.000000,0.000000,0.000000,0.000000,0.000000,0.000000,0.000000,1722396,1721838,1725085,0,0,0,0,0,0,0
29,0,0,0,0,0,0,0,0,0,0,-146.953790,-99.414691,0.000000,0.000000,0.000000,0.000000,0.000000,0.000000,0.000000,0.000000,1113430,1113012,0,0,0,0,0,0,0,0
30,0,0,0,0,0,0,0,0,0,0,-84.192308,-132.440276,-34.375037,0.000000,0.000000,0.000000,0.000000,0.000000,0.000000,0.000000,1732851,1733509,1736067,0,0,0,0,0,0,0
31,0,0,0,0,0,0,0,0,0,0,-146.258864,-46.735821,-131.794885,0.000000,0.000000,0.000000,0.000000,0.000000,0.000000,0.000000,1589315,1590975,1588105,0,0,0,0,0,0,0
32,0,0,0,0,0,0,0,0,0,0,-37.605715,-45.416917,-110.014888,-72.232886,0.000000,0.000000,0.000000,0.000000,0.000000,0.000000,1568334,1567714,1568667,1568740,0,0,0,0,0,0
33,0,0,0,0,0,0,0,0,0,0,-301.458455,-236.416206,-199.475697,0.000000,0.000000,0.000000,0.000000,0.000000,0.000000,0.000000,498784,499253,500403,0,0,0,0,0,0,0
34,0,0,0,0,0,0,0,0,0,0,-77.841299,-37.212688,-143.476602,0.000000,0.000000,0.000000,0.000000,0.000000,0.000000,0.000000,1659247,1660170,1660602,0,0,0,0,0,0,0
35,0,0,0,0,0,0,0,0,0,0,-28.479238,-46.531521,-103.226432,0.000000,0.000000,0.000000,0.000000,0.000000,0.000000,0.000000,1411266,1412840,1412690,0,0,0,0,0,0,0
36,0,0,0,0,0,0,0,0,0,0,-45.733611,-39.858272,-59.485516,-90.623094,0.000000,0.000000,0.000000,0.000000,0.000000,0.000000,1602030,1602045,1601745,1602386,0,0,0,0,0,0
37,0,0,0,0,0,0,0,0,0,0,-54.233367,-142.493591,0.000000,0.000000,0.000000,0.000000,0.000000,0.000000,0.000000,0.000000,1168745,1166499,0,0,0,0,0,0,0,0
38,0,0,0,0,0,0,0,0,0,0,-55.564374,-70.910745,-37.330395,0.000000,0.000000,0.000000,0.000000,0.000000,0.000000,0.000000,1780748,1773922,1781266,0,0,0,0,0,0,0
39,0,0,0,0,0,0,0,0,0,0,-53.926483,-49.450103,-39.139578,0.000000,0.000000,0.000000,0.000000,0.000000,0.000000,0.000000,1606745,1607189,1610897,0,0,0,0,0,0,0
40,0,0,0,0,0,0,0,0,0,0,-35.477749,-54.141995,0.000000,0.000000,0.000000,0.000000,0.000000,0.000000,0.000000,0.000000,1278143,1278626,0,0,0,0,0,0,0,0
41,0,0,0,0,0,0,0,0,0,0,-41.742323,-78.709274,-38.536065,0.000000,0.000000,0.000000,0.000000,0.000000,0.000000,0.000000,1734092,1728210,1731736,0,0,0,0,0,0,0
42,0,0,0,0,0,0,0,0,0,0,-144.735646,-36.957324,-42.501314,0.000000,0.000000,0.000000,0.000000,0.000000,0.000000,0.000000,1796672,1795397,1798145,0,0,0,0,0,0,0
43,0,0,0,0,0,0,0,0,0,0,-157.717899,-36.114820,-125.842640,0.000000,0.000000,0.000000,0.000000,0.000000,0.000000,0.000000,1551073,1554654,1550924,0,0,0,0,0,0,0
44,0,0,0,0,0,0,0,0,0,0,-182.187708,-199.248418,-44.696724,-268.796516,0.000000,0.000000,0.000000,0.000000,0.000000,0.000000,955875,953954,955823,953924,0,0,0,0,0,0
45,0,0,0,0,0,0,0,0,0,0,-80.805938,-163.295661,-96.183920,0.000000,0.000000,0.000000,0.000000,0.000000,0.000000,0.000000,277911,278192,278114,0,0,0,0,0,0,0
46,0,0,0,0,0,0,0,0,0,0,-140.032633,-96.694309,-106.299370,0.000000,0.000000,0.000000,0.000000,0.000000,0.000000,0.000000,76765,75834,76423,0,0,0,0,0,0,0
47,0,0,0,0,0,0,0,0,0,0,-186.240219,-84.916597,-132.655179,0.000000,0.000000,0.000000,0.000000,0.000000,0.000000,0.000000,167641,167545,166211,0,0,0,0,0,0,0
48,0,0,0,0,0,0,0,0,0,0,100000.000000,0.000000,0.000000,0.000000,0.000000,0.000000,0.000000,0.000000,0.000000,0.000000,47122,0,0,0,0,0,0,0,0,0
49,0,0,0,0,0,0,0,0,0,0,-196.803453,-141.397178,-192.488087,0.000000,0.000000,0.000000,0.000000,0.000000,0.000000,0.000000,31705,31845,31275,0,0,0,0,0,0,0
50,0,0,0,0,0,0,0,0,0,0,-74.569986,-43.800183,-124.695185,0.000000,0.000000,0.000000,0.000000,0.000000,0.000000,0.000000,871137,871022,869881,0,0,0,0,0,0,0
51,0,0,0,0,0,0,0,0,0,0,-31.814303,-84.410842,-32.627035,-32.550183,0.000000,0.000000,0.000000,0.000000,0.000000,0.000000,1719817,1720399,1719306,1722424,0,0,0,0,0,0
52,0,0,0,0,0,0,0,0,0,0,-65.983956,-40.239250,-49.711815,0.000000,0.000000,0.000000,0.000000,0.000000,0.000000,0.000000,1323878,1326096,1323001,0,0,0,0,0,0,0
53,0,0,0,0,0,0,0,0,0,0,-100.248947,-109.839028,-33.133128,0.000000,0.000000,0.000000,0.000000,0.000000,0.000000,0.000000,1429008,1430451,1429664,0,0,0,0,0,0,0
54,0,0,0,0,0,0,0,0,0,0,-42.138459,-71.412046,0.000000,0.000000,0.000000,0.000000,0.000000,0.000000,0.000000,0.000000,1255543,1257386,0,0,0,0,0,0,0,0
55,0,0,0,0,0,0,0,0,0,0,-31.369306,-93.758012,-52.909959,-33.056519,0.000000,0.000000,0.000000,0.000000,0.000000,0.000000,1383821,1383049,1383943,1383399,0,0,0,0,0,0
56,0,0,0,0,0,0,0,0,0,0,-159.496169,-81.937228,-106.618114,0.000000,0.000000,0.000000,0.000000,0.000000,0.000000,0.000000,1408831,1411917,1409522,0,0,0,0,0,0,0
57,0,0,0,0,0,0,0,0,0,0,-124.935018,-70.332289,-59.875665,0.000000,0.000000,0.000000,0.000000,0.000000,0.000000,0.000000,1373296,1369703,1372722,0,0,0,0,0,0,0
58,0,0,0,0,0,0,0,0,0,0,-72.189983,-66.162272,-31.390782,0.000000,0.000000,0.000000,0.000000,0.000000,0.000000,0.000000,1066176,1067314,1068779,0,0,0,0,0,0,0
59,0,0,0,0,0,0,0,0,0,0,-29.686850,-114.401485,-95.115815,0.000000,0.000000,0.000000,0.000000,0.000000,0.000000,0.000000,1319273,1317396,1318299,0,0,0,0,0,0,0
60,0,0,0,0,0,0,0,0,0,0,-31.112924,-32.150070,0.000000,0.000000,0.000000,0.000000,0.000000,0.000000,0.000000,0.000000,1065832,1066670,0,0,0,0,0,0,0,0
61,0,0,0,0,0,0,0,0,0,0,-224.964983,-49.230201,-90.090561,0.000000,0.000000,0.000000,0.000000,0.000000,0.000000,0.000000,1220932,1222283,1223545,0,0,0,0,0,0,0
62,0,0,0,0,0,0,0,0,0,0,-36.004724,-33.847339,-116.144456,-129.980600,0.000000,0.000000,0.000000,0.000000,0.000000,0.000000,1890731,1889862,1890927,1890211,0,0,0,0,0,0
63,0,0,0,0,0,0,0,0,0,0,-45.432980,-84.669970,-108.434924,-29.305372,-170.196745,0.000000,0.000000,0.000000,0.000000,0.000000,1269157,1269765,1269498,1271060,1270325,0,0,0,0,0
64,0,0,0,0,0,0,0,0,0,0,-15.997550,349.044184,-58.762257,0.000000,0.000000,0.000000,0.000000,0.000000,0.000000,0.000000,436647,436432,437972,0,0,0,0,0,0,0
65,0,0,0,0,0,0,0,0,0,0,-18.349633,-36.899328,0.000000,0.000000,0.000000,0.000000,0.000000,0.000000,0.000000,0.000000,1083655,1082370,0,0,0,0,0,0,0,0
66,0,0,0,0,0,0,0,0,0,0,-32.295527,-77.886517,-118.469653,0.000000,0.000000,0.000000,0.000000,0.000000,0.000000,0.000000,1310679,1308465,1309761,0,0,0,0,0,0,0
67,0,0,0,0,0,0,0,0,0,0,-87.478684,-80.610472,-102.841585,0.000000,0.000000,0.000000,0.000000,0.000000,0.000000,0.000000,1348279,1346485,1345689,0,0,0,0,0,0,0
68,0,0,0,0,0,0,0,0,0,0,-25.576044,-101.397816,0.000000,0.000000,0.000000,0.000000,0.000000,0.000000,0.000000,0.000000,1105694,1105544,0,0,0,0,0,0,0,0
69,0,0,0,0,0,0,0,0,0,0,-63.079427,-119.284384,-72.319173,0.000000,0.000000,0.000000,0.000000,0.000000,0.000000,0.000000,282182,281950,281461,0,0,0,0,0,0,0
70,0,0,0,0,0,0,0,0,0,0,-278.379796,-36.683877,-37.412428,0.000000,0.000000,0.000000,0.000000,0.000000,0.000000,0.000000,1279166,1279228,1278614,0,0,0,0,0,0,0
71,0,0,0,0,0,0,0,0,0,0,-24.855463,-21.431525,0.000000,0.000000,0.000000,0.000000,0.000000,0.000000,0.000000,0.000000,1020256,1022276,0,0,0,0,0,0,0,0
72,0,0,0,0,0,0,0,0,0,0,-21.772556,10.301495,0.000000,0.000000,0.000000,0.000000,0.000000,0.000000,0.000000,0.000000,622792,622258,0,0,0,0,0,0,0,0
73,0,0,0,0,0,0,0,0,0,0,-33.507853,-48.587850,-45.306857,0.000000,0.000000,0.000000,0.000000,0.000000,0.000000,0.000000,1352532,1352952,1352923,0,0,0,0,0,0,0
74,0,0,0,0,0,0,0,0,0,0,-59.601989,-41.778109,0.000000,0.000000,0.000000,0.000000,0.000000,0.000000,0.000000,0.000000,1270887,1269939,0,0,0,0,0,0,0,0
75,0,0,0,0,0,0,0,0,0,0,-29.112023,-24.210178,0.000000,0.000000,0.000000,0.000000,0.000000,0.000000,0.000000,0.000000,1176144,1176825,0,0,0,0,0,0,0,0
76,0,0,0,0,0,0,0,0,0,0,-88.696965,-118.114415,-45.240635,0.000000,0.000000,0.000000,0.000000,0.000000,0.000000,0.000000,1330738,1331001,1331709,0,0,0,0,0,0,0
77,0,0,0,0,0,0,0,0,0,0,-36.118753,-28.032461,0.000000,0.000000,0.000000,0.000000,0.000000,0.000000,0.000000,0.000000,440098,439407,0,0,0,0,0,0,0,0
78,0,0,0,0,0,0,0,0,0,0,-113.786169,-26.431254,-31.350353,-38.573493,0.000000,0.000000,0.000000,0.000000,0.000000,0.000000,1430856,1429179,1432269,1429864,0,0,0,0,0,0
79,0,0,0,0,0,0,0,0,0,0,-37.080511,-101.542562,-45.133279,-40.270397,0.000000,0.000000,0.000000,0.000000,0.000000,0.000000,1488597,1483971,1486363,1486945,0,0,0,0,0,0
80,0,0,0,0,0,0,0,0,0,0,-70.751040,-39.783576,0.000000,0.000000,0.000000,0.000000,0.000000,0.000000,0.000000,0.000000,1327981,1330112,0,0,0,0,0,0,0,0
81,0,0,0,0,0,0,0,0,0,0,-122.876953,-22.266512,-97.335680,0.000000,0.000000,0.000000,0.000000,0.000000,0.000000,0.000000,1374372,1376840,1373794,0,0,0,0,0,0,0
82,0,0,0,0,0,0,0,0,0,0,-111.072087,-75.937612,-21.321341,0.000000,0.000000,0.000000,0.000000,0.000000,0.000000,0.000000,1105458,1104241,1106806,0,0,0,0,0,0,0
83,0,0,0,0,0,0,0,0,0,0,-133.265850,-195.130079,-155.308687,0.000000,0.000000,0.000000,0.000000,0.000000,0.000000,0.000000,227599,227352,226243,0,0,0,0,0,0,0
84,0,0,0,0,0,0,0,0,0,0,-50.794512,-16.437889,0.000000,0.000000,0.000000,0.000000,0.000000,0.000000,0.000000,0.000000,813873,813195,0,0,0,0,0,0,0,0
85,0,0,0,0,0,0,0,0,0,0,-36.409794,-37.384856,-75.634543,0.000000,0.000000,0.000000,0.000000,0.000000,0.000000,0.000000,1846643,1846630,1846040,0,0,0,0,0,0,0
86,0,0,0,0,0,0,0,0,0,0,-70.193173,-44.885205,-61.732566,0.000000,0.000000,0.000000,0.000000,0.000000,0.000000,0.000000,1949869,1947355,1944525,0,0,0,0,0,0,0
87,0,0,0,0,0,0,0,0,0,0,-204.150962,0.000000,0.000000,0.000000,0.000000,0.000000,0.000000,0.000000,0.000000,0.000000,35719,0,0,0,0,0,0,0,0,0
88,0,0,0,0,0,0,0,0,0,0,-37.174210,-46.977217,-83.452471,-63.629268,0.000000,0.000000,0.000000,0.000000,0.000000,0.000000,1743186,1742221,1741688,1741975,0,0,0,0,0,0
89,0,0,0,0,0,0,0,0,0,0,-23.946053,-222.279517,0.000000,0.000000,0.000000,0.000000,0.000000,0.000000,0.000000,0.000000,781373,780690,0,0,0,0,0,0,0,0
90,0,0,0,0,0,0,0,0,0,0,-60.758898,-42.775277,0.000000,0.000000,0.000000,0.000000,0.000000,0.000000,0.000000,0.000000,665490,666598,0,0,0,0,0,0,0,0
91,0,0,0,0,0,0,0,0,0,0,-56.025149,-64.331369,-34.966265,0.000000,0.000000,0.000000,0.000000,0.000000,0.000000,0.000000,1790063,1791074,1793097,0,0,0,0,0,0,0
92,0,0,0,0,0,0,0,0,0,0,-37.680344,-78.643879,-38.019080,0.000000,0.000000,0.000000,0.000000,0.000000,0.000000,0.000000,1851531,1850914,1852609,0,0,0,0,0,0,0
93,0,0,0,0,0,0,0,0,0,0,-76.474128,-36.295293,-35.995125,0.000000,0.000000,0.000000,0.000000,0.000000,0.000000,0.000000,1915507,1919130,1917074,0,0,0,0,0,0,0
94,0,0,0,0,0,0,0,0,0,0,-43.222166,-45.658380,-55.213350,0.000000,0.000000,0.000000,0.000000,0.000000,0.000000,0.000000,1593591,1591507,1592908,0,0,0,0,0,0,0
95,0,0,0,0,0,0,0,0,0,0,-82.198246,0.000000,0.000000,0.000000,0.000000,0.000000,0.000000,0.000000,0.000000,0.000000,162789,0,0,0,0,0,0,0,0,0
96,0,0,0,0,0,0,0,0,0,0,-92.604702,-35.581835,-46.128181,0.000000,0.000000,0.000000,0.000000,0.000000,0.000000,0.000000,1874088,1877883,1875803,0,0,0,0,0,0,0
97,0,0,0,0,0,0,0,0,0,0,-32.901044,-46.429657,-190.892414,0.000000,0.000000,0.000000,0.000000,0.000000,0.000000,0.000000,1870974,1869328,1871183,0,0,0,0,0,0,0
98,0,0,0,0,0,0,0,0,0,0,-113.116624,0.000000,0.000000,0.000000,0.000000,0.000000,0.000000,0.000000,0.000000,0.000000,37584,0,0,0,0,0,0,0,0,0
99,0,0,0,0,0,0,0,0,0,0,-82.897685,-82.650948,-46.806046,-44.273934,0.000000,0.000000,0.000000,0.000000,0.000000,0.000000,1722962,1725192,1724138,1725191,0,0,0,0,0,0
100,0,0,0,0,0,0,0,0,0,0,-65.279545,-39.981062,-37.177993,0.000000,0.000000,0.000000,0.000000,0.000000,0.000000,0.000000,1738223,1739858,1740844,0,0,0,0,0,0,0
101,0,0,0,0,0,0,0,0,0,0,-135.951813,0.000000,0.000000,0.000000,0.000000,0.000000,0.000000,0.000000,0.000000,0.000000,21628,0,0,0,0,0,0,0,0,0
102,0,0,0,0,0,0,0,0,0,0,-85.235460,0.000000,0.000000,0.000000,0.000000,0.000000,0.000000,0.000000,0.000000,0.000000,269209,0,0,0,0,0,0,0,0,0
103,0,0,0,0,0,0,0,0,0,0,-186.280800,0.000000,0.000000,0.000000,0.000000,0.000000,0.000000,0.000000,0.000000,0.000000,18246,0,0,0,0,0,0,0,0,0
104,0,0,0,0,0,0,0,0,0,0,-50.663178,-144.235283,-207.227592,0.000000,0.000000,0.000000,0.000000,0.000000,0.000000,0.000000,23129,22935,23367,0,0,0,0,0,0,0
105,0,0,0,0,0,0,0,0,0,0,-233.439209,-62.609938,-219.061330,-167.023634,0.000000,0.000000,0.000000,0.000000,0.000000,0.000000,39714,39671,39584,39383,0,0,0,0,0,0
106,0,0,0,0,0,0,0,0,0,0,-141.471993,-155.214266,0.000000,0.000000,0.000000,0.000000,0.000000,0.000000,0.000000,0.000000,275846,276530,0,0,0,0,0,0,0,0
107,0,0,0,0,0,0,0,0,0,0,-221.006464,-51.993915,0.000000,0.000000,0.000000,0.000000,0.000000,0.000000,0.000000,0.000000,19942,19531,0,0,0,0,0,0,0,0
108,0,0,0,0,0,0,0,0,0,0,-130.651782,0.000000,0.000000,0.000000,0.000000,0.000000,0.000000,0.000000,0.000000,0.000000,326142,0,0,0,0,0,0,0,0,0
109,0,0,0,0,0,0,0,0,0,0,-59.340025,-124.061634,-133.430532,0.000000,0.000000,0.000000,0.000000,0.000000,0.000000,0.000000,337667,337024,337156,0,0,0,0,0,0,0
110,0,0,0,0,0,0,0,0,0,0,0.000000,0.000000,0.000000,0.000000,0.000000,0.000000,0.000000,0.000000,0.000000,0.000000,0,0,0,0,0,0,0,0,0,0
111,0,0,0,0,0,0,0,0,0,0,113.379494,-263.191491,0.000000,0.000000,0.000000,0.000000,0.000000,0.000000,0.000000,0.000000,18004,18046,0,0,0,0,0,0,0,0
112,0,0,0,0,0,0,0,0,0,0,-85.854072,-36.614361,-36.785343,0.000000,0.000000,0.000000,0.000000,0.000000,0.000000,0.000000,1291160,1293835,1293530,0,0,0,0,0,0,0
113,0,0,0,0,0,0,0,0,0,0,-32.024614,-152.952704,-30.563311,0.000000,0.000000,0.000000,0.000000,0.000000,0.000000,0.000000,1837181,1837039,1836063,0,0,0,0,0,0,0
114,0,0,0,0,0,0,0,0,0,0,-35.889164,-42.936715,-74.147305,0.000000,0.000000,0.000000,0.000000,0.000000,0.000000,0.000000,1887408,1885346,1883997,0,0,0,0,0,0,0
115,0,0,0,0,0,0,0,0,0,0,-68.513080,-65.725657,-29.055859,0.000000,0.000000,0.000000,0.000000,0.000000,0.000000,0.000000,2251268,2253043,2251549,0,0,0,0,0,0,0
116,0,0,0,0,0,0,0,0,0,0,-31.149627,0.000000,0.000000,0.000000,0.000000,0.000000,0.000000,0.000000,0.000000,0.000000,1389341,0,0,0,0,0,0,0,0,0
117,0,0,0,0,0,0,0,0,0,0,-41.567536,-46.891802,0.000000,0.000000,0.000000,0.000000,0.000000,0.000000,0.000000,0.000000,2387999,2383340,0,0,0,0,0,0,0,0
118,0,0,0,0,0,0,0,0,0,0,-73.100191,-31.273120,-38.007629,0.000000,0.000000,0.000000,0.000000,0.000000,0.000000,0.000000,1914268,1915365,1913054,0,0,0,0,0,0,0
119,0,0,0,0,0,0,0,0,0,0,-24.763051,-56.748129,0.000000,0.000000,0.000000,0.000000,0.000000,0.000000,0.000000,0.000000,1408582,1410722,0,0,0,0,0,0,0,0
120,0,0,0,0,0,0,0,0,0,0,-186.349382,0.000000,0.000000,0.000000,0.000000,0.000000,0.000000,0.000000,0.000000,0.000000,1307349,0,0,0,0,0,0,0,0,0
121,0,0,0,0,0,0,0,0,0,0,-37.825899,-155.344408,-98.709269,0.000000,0.000000,0.000000,0.000000,0.000000,0.000000,0.000000,1285645,1285649,1285505,0,0,0,0,0,0,0
122,0,0,0,0,0,0,0,0,0,0,-103.539870,-29.001402,-85.623502,-74.669896,0.000000,0.000000,0.000000,0.000000,0.000000,0.000000,2025723,2024627,2023905,2024196,0,0,0,0,0,0
123,0,0,0,0,0,0,0,0,0,0,-55.538332,-115.974656,-34.157756,0.000000,0.000000,0.000000,0.000000,0.000000,0.000000,0.000000,2290921,2289574,2295428,0,0,0,0,0,0,0
124,0,0,0,0,0,0,0,0,0,0,-78.460224,-29.674522,0.000000,0.000000,0.000000,0.000000,0.000000,0.000000,0.000000,0.000000,2415220,2417585,0,0,0,0,0,0,0,0
125,0,0,0,0,0,0,0,0,0,0,-49.996727,-92.347265,-99.821051,0.000000,0.000000,0.000000,0.000000,0.000000,0.000000,0.000000,1983005,1981588,1982704,0,0,0,0,0,0,0
126,0,0,0,0,0,0,0,0,0,0,-100.416491,0.000000,0.000000,0.000000,0.000000,0.000000,0.000000,0.000000,0.000000,0.000000,1398423,0,0,0,0,0,0,0,0,0
127,0,0,0,0,0,0,0,0,0,0,-36.457936,-74.073281,0.000000,0.000000,0.000000,0.000000,0.000000,0.000000,0.000000,0.000000,1120985,1123598,0,0,0,0,0,0,0,0
128,0,0,0,0,0,0,0,0,0,0,-48.832271,-95.240220,-59.898551,0.000000,0.000000,0.000000,0.000000,0.000000,0.000000,0.000000,1414121,1411586,1413332,0,0,0,0,0,0,0
129,0,0,0,0,0,0,0,0,0,0,-32.848450,-36.196839,0.000000,0.000000,0.000000,0.000000,0.000000,0.000000,0.000000,0.000000,1346102,1343976,0,0,0,0,0,0,0,0
130,0,0,0,0,0,0,0,0,0,0,-131.290922,-47.288398,-114.453632,0.000000,0.000000,0.000000,0.000000,0.000000,0.000000,0.000000,2302867,2301591,2299585,0,0,0,0,0,0,0
131,0,0,0,0,0,0,0,0,0,0,-45.194565,-31.549433,-33.149378,0.000000,0.000000,0.000000,0.000000,0.000000,0.000000,0.000000,1383470,1387107,1387216,0,0,0,0,0,0,0
132,0,0,0,0,0,0,0,0,0,0,-64.006526,-100.545533,0.000000,0.000000,0.000000,0.000000,0.000000,0.000000,0.000000,0.000000,1333560,1329759,0,0,0,0,0,0,0,0
133,0,0,0,0,0,0,0,0,0,0,-175.247609,-31.032458,0.000000,0.000000,0.000000,0.000000,0.000000,0.000000,0.000000,0.000000,1098382,1098809,0,0,0,0,0,0,0,0
134,0,0,0,0,0,0,0,0,0,0,-299.748565,-301.387749,0.000000,0.000000,0.000000,0.000000,0.000000,0.000000,0.000000,0.000000,150263,151312,0,0,0,0,0,0,0,0
135,0,0,0,0,0,0,0,0,0,0,-129.529470,-61.624609,-210.198897,0.000000,0.000000,0.000000,0.000000,0.000000,0.000000,0.000000,1282665,1283627,1281903,0,0,0,0,0,0,0
136,0,0,0,0,0,0,0,0,0,0,-28.175887,-66.714140,0.000000,0.000000,0.000000,0.000000,0.000000,0.000000,0.000000,0.000000,2230782,2230901,0,0,0,0,0,0,0,0
137,0,0,0,0,0,0,0,0,0,0,-51.367568,-28.854522,-67.461296,0.000000,0.000000,0.000000,0.000000,0.000000,0.000000,0.000000,1283978,1285993,1283851,0,0,0,0,0,0,0
138,0,0,0,0,0,0,0,0,0,0,-77.249774,-73.628064,-97.584132,0.000000,0.000000,0.000000,0.000000,0.000000,0.000000,0.000000,1281863,1288989,1284494,0,0,0,0,0,0,0
139,0,0,0,0,0,0,0,0,0,0,-70.465442,-67.384113,-75.966371,0.000000,0.000000,0.000000,0.000000,0.000000,0.000000,0.000000,1340578,1336789,1337248,0,0,0,0,0,0,0
140,0,0,0,0,0,0,0,0,0,0,-41.850961,-48.060094,0.000000,0.000000,0.000000,0.000000,0.000000,0.000000,0.000000,0.000000,2502876,2499755,0,0,0,0,0,0,0,0
141,0,0,0,0,0,0,0,0,0,0,-21.041245,-36.124983,0.000000,0.000000,0.000000,0.000000,0.000000,0.000000,0.000000,0.000000,1154437,1156781,0,0,0,0,0,0,0,0
142,0,0,0,0,0,0,0,0,0,0,-104.702241,-45.411903,0.000000,0.000000,0.000000,0.000000,0.000000,0.000000,0.000000,0.000000,2323133,2327885,0,0,0,0,0,0,0,0
143,0,0,0,0,0,0,0,0,0,0,-39.562531,-75.418220,0.000000,0.000000,0.000000,0.000000,0.000000,0.000000,0.000000,0.000000,1867732,1865395,0,0,0,0,0,0,0,0
144,0,0,0,0,0,0,0,0,0,0,-87.548574,-26.879809,0.000000,0.000000,0.000000,0.000000,0.000000,0.000000,0.000000,0.000000,1284212,1285816,0,0,0,0,0,0,0,0
145,0,0,0,0,0,0,0,0,0,0,-31.544783,-54.387142,-41.093379,0.000000,0.000000,0.000000,0.000000,0.000000,0.000000,0.000000,2504729,2500822,2503163,0,0,0,0,0,0,0
146,0,0,0,0,0,0,0,0,0,0,-22.466853,-28.547222,0.000000,0.000000,0.000000,0.000000,0.000000,0.000000,0.000000,0.000000,1388159,1386476,0,0,0,0,0,0,0,0
147,0,0,0,0,0,0,0,0,0,0,-23.024268,0.000000,0.000000,0.000000,0.000000,0.000000,0.000000,0.000000,0.000000,0.000000,2639028,0,0,0,0,0,0,0,0,0
148,0,0,0,0,0,0,0,0,0,0,-36.729993,-74.908939,0.000000,0.000000,0.000000,0.000000,0.000000,0.000000,0.000000,0.000000,1443750,1445605,0,0,0,0,0,0,0,0
149,0,0,0,0,0,0,0,0,0,0,100000.000000,0.000000,0.000000,0.000000,0.000000,0.000000,0.000000,0.000000,0.000000,0.000000,453523,0,0,0,0,0,0,0,0,0
150,0,0,0,0,0,0,0,0,0,0,-60.247410,-80.761500,0.000000,0.000000,0.000000,0.000000,0.000000,0.000000,0.000000,0.000000,2300840,2299602,0,0,0,0,0,0,0,0
151,0,0,0,0,0,0,0,0,0,0,-88.700061,-21.457497,-97.054275,0.000000,0.000000,0.000000,0.000000,0.000000,0.000000,0.000000,1220070,1219020,1220796,0,0,0,0,0,0,0
152,0,0,0,0,0,0,0,0,0,0,-30.791102,-25.297448,0.000000,0.000000,0.000000,0.000000,0.000000,0.000000,0.000000,0.000000,2049374,2052476,0,0,0,0,0,0,0,0
153,0,0,0,0,0,0,0,0,0,0,-70.423799,0.000000,0.000000,0.000000,0.000000,0.000000,0.000000,0.000000,0.000000,0.000000,1473485,0,0,0,0,0,0,0,0,0
154,0,0,0,0,0,0,0,0,0,0,-42.996629,-93.519302,-107.798164,0.000000,0.000000,0.000000,0.000000,0.000000,0.000000,0.000000,1281934,1281956,1278507,0,0,0,0,0,0,0
155,0,0,0,0,0,0,0,0,0,0,-139.451794,-26.635658,-78.683749,-31.098916,0.000000,0.000000,0.000000,0.000000,0.000000,0.000000,1934000,1936614,1937926,1937441,0,0,0,0,0,0
156,0,0,0,0,0,0,0,0,0,0,-129.408323,-152.452145,-89.104464,0.000000,0.000000,0.000000,0.000000,0.000000,0.000000,0.000000,2156557,2152355,2159492,0,0,0,0,0,0,0
157,0,0,0,0,0,0,0,0,0,0,-109.660525,-85.431772,-28.688879,0.000000,0.000000,0.000000,0.000000,0.000000,0.000000,0.000000,1946283,1942808,1942788,0,0,0,0,0,0,0
158,0,0,0,0,0,0,0,0,0,0,-66.193571,-61.932661,0.000000,0.000000,0.000000,0.000000,0.000000,0.000000,0.000000,0.000000,2194226,2194864,0,0,0,0,0,0,0,0
159,0,0,0,0,0,0,0,0,0,0,-40.577730,-38.667243,-29.194256,0.000000,0.000000,0.000000,0.000000,0.000000,0.000000,0.000000,1308891,1308721,1310375,0,0,0,0,0,0,0
160,0,0,0,0,0,0,0,0,0,0,-90.666500,-88.694483,0.000000,0.000000,0.000000,0.000000,0.000000,0.000000,0.000000,0.000000,2157089,2155076,0,0,0,0,0,0,0,0
161,0,0,0,0,0,0,0,0,0,0,-85.416243,-139.757373,-292.316965,0.000000,0.000000,0.000000,0.000000,0.000000,0.000000,0.000000,198594,198464,198848,0,0,0,0,0,0,0
162,0,0,0,0,0,0,0,0,0,0,-37.791312,-22.892105,0.000000,0.000000,0.000000,0.000000,0.000000,0.000000,0.000000,0.000000,2179229,2180074,0,0,0,0,0,0,0,0
163,0,0,0,0,0,0,0,0,0,0,-112.253374,-74.926225,-101.851929,0.000000,0.000000,0.000000,0.000000,0.000000,0.000000,0.000000,1261794,1261441,1258257,0,0,0,0,0,0,0
164,0,0,0,0,0,0,0,0,0,0,-204.216110,-178.160081,-75.695585,0.000000,0.000000,0.000000,0.000000,0.000000,0.000000,0.000000,1337270,1337781,1340917,0,0,0,0,0,0,0
165,0,0,0,0,0,0,0,0,0,0,-27.375699,-31.494132,0.000000,0.000000,0.000000,0.000000,0.000000,0.000000,0.000000,0.000000,1178381,1178780,0,0,0,0,0,0,0,0
166,0,0,0,0,0,0,0,0,0,0,-18.761223,-47.044218,-57.728265,0.000000,0.000000,0.000000,0.000000,0.000000,0.000000,0.000000,2517988,2517370,2516894,0,0,0,0,0,0,0
167,0,0,0,0,0,0,0,0,0,0,-32.733516,-91.598527,-132.646736,0.000000,0.000000,0.000000,0.000000,0.000000,0.000000,0.000000,1858930,1858023,1857341,0,0,0,0,0,0,0
168,0,0,0,0,0,0,0,0,0,0,-168.347906,-82.378120,-33.402176,0.000000,0.000000,0.000000,0.000000,0.000000,0.000000,0.000000,1384088,1383615,1384010,0,0,0,0,0,0,0
169,0,0,0,0,0,0,0,0,0,0,-79.366418,-70.331468,0.000000,0.000000,0.000000,0.000000,0.000000,0.000000,0.000000,0.000000,1286099,1290433,0,0,0,0,0,0,0,0
170,0,0,0,0,0,0,0,0,0,0,-23.581224,-30.331159,-40.015391,-95.712867,0.000000,0.000000,0.000000,0.000000,0.000000,0.000000,2040091,2040006,2037393,2040671,0,0,0,0,0,0
171,0,0,0,0,0,0,0,0,0,0,-24.582208,-30.241841,-48.599342,0.000000,0.000000,0.000000,0.000000,0.000000,0.000000,0.000000,2359304,2357925,2358815,0,0,0,0,0,0,0
172,0,0,0,0,0,0,0,0,0,0,-146.935210,-26.365303,-94.596849,0.000000,0.000000,0.000000,0.000000,0.000000,0.000000,0.000000,2209728,2212972,2208813,0,0,0,0,0,0,0
173,0,0,0,0,0,0,0,0,0,0,-160.241604,-66.483450,0.000000,0.000000,0.000000,0.000000,0.000000,0.000000,0.000000,0.000000,1059172,1060644,0,0,0,0,0,0,0,0
174,0,0,0,0,0,0,0,0,0,0,-26.204855,-29.973487,-77.141248,0.000000,0.000000,0.000000,0.000000,0.000000,0.000000,0.000000,1881751,1879065,1880242,0,0,0,0,0,0,0
175,0,0,0,0,0,0,0,0,0,0,-26.109744,-34.371948,0.000000,0.000000,0.000000,0.000000,0.000000,0.000000,0.000000,0.000000,2404530,2406772,0,0,0,0,0,0,0,0
176,0,0,0,0,0,0,0,0,0,0,-76.450830,-91.428384,-45.386198,-35.341679,-51.569677,0.000000,0.000000,0.000000,0.000000,0.000000,1305021,1304865,1307337,1307162,1305325,0,0,0,0,0
177,0,0,0,0,0,0,0,0,0,0,-171.549412,-74.535148,-81.167998,0.000000,0.000000,0.000000,0.000000,0.000000,0.000000,0.000000,1366141,1369193,1367120,0,0,0,0,0,0,0
178,0,0,0,0,0,0,0,0,0,0,-26.239302,0.000000,0.000000,0.000000,0.000000,0.000000,0.000000,0.000000,0.000000,0.000000,1202629,0,0,0,0,0,0,0,0,0
179,0,0,0,0,0,0,0,0,0,0,-74.783343,-81.965092,-68.076889,0.000000,0.000000,0.000000,0.000000,0.000000,0.000000,0.000000,1272717,1274205,1273557,0,0,0,0,0,0,0
180,0,0,0,0,0,0,0,0,0,0,-23.953592,0.000000,0.000000,0.000000,0.000000,0.000000,0.000000,0.000000,0.000000,0.000000,2551136,0,0,0,0,0,0,0,0,0
181,0,0,0,0,0,0,0,0,0,0,-55.019218,0.000000,0.000000,0.000000,0.000000,0.000000,0.000000,0.000000,0.000000,0.000000,83366,0,0,0,0,0,0,0,0,0
182,0,0,0,0,0,0,0,0,0,0,-25.386492,-37.196873,-94.718851,0.000000,0.000000,0.000000,0.000000,0.000000,0.000000,0.000000,1281393,1279201,1281462,0,0,0,0,0,0,0
183,0,0,0,0,0,0,0,0,0,0,-67.291978,-79.919566,-35.778419,0.000000,0.000000,0.000000,0.000000,0.000000,0.000000,0.000000,1727625,1728312,1729020,0,0,0,0,0,0,0
184,0,0,0,0,0,0,0,0,0,0,-47.251140,-24.211850,0.000000,0.000000,0.000000,0.000000,0.000000,0.000000,0.000000,0.000000,2384835,2385331,0,0,0,0,0,0,0,0
185,0,0,0,0,0,0,0,0,0,0,-26.245108,-56.600087,0.000000,0.000000,0.000000,0.000000,0.000000,0.000000,0.000000,0.000000,1359933,1360272,0,0,0,0,0,0,0,0
186,0,0,0,0,0,0,0,0,0,0,-21.570415,-28.142643,0.000000,0.000000,0.000000,0.000000,0.000000,0.000000,0.000000,0.000000,1181504,1181192,0,0,0,0,0,0,0,0
187,0,0,0,0,0,0,0,0,0,0,-25.223388,-69.908308,0.000000,0.000000,0.000000,0.000000,0.000000,0.000000,0.000000,0.000000,1280644,1279021,0,0,0,0,0,0,0,0
188,0,0,0,0,0,0,0,0,0,0,-94.843248,-23.675861,0.000000,0.000000,0.000000,0.000000,0.000000,0.000000,0.000000,0.000000,2495716,2492618,0,0,0,0,0,0,0,0
189,0,0,0,0,0,0,0,0,0,0,-101.914144,-38.795985,-27.187983,-27.989947,0.000000,0.000000,0.000000,0.000000,0.000000,0.000000,1141778,1143836,1144808,1142981,0,0,0,0,0,0
190,0,0,0,0,0,0,0,0,0,0,-79.652907,-25.903600,-74.874992,-40.245261,0.000000,0.000000,0.000000,0.000000,0.000000,0.000000,1872709,1875050,1873135,1875559,0,0,0,0,0,0
191,0,0,0,0,0,0,0,0,0,0,-123.495156,-35.588615,-86.776995,0.000000,0.000000,0.000000,0.000000,0.000000,0.000000,0.000000,2335473,2337137,2337975,0,0,0,0,0,0,0
192,0,0,0,0,0,0,0,0,0,0,-42.706929,-30.242257,-120.196361,0.000000,0.000000,0.000000,0.000000,0.000000,0.000000,0.000000,1786233,1786449,1785520,0,0,0,0,0,0,0
193,0,0,0,0,0,0,0,0,0,0,-50.623524,-173.523339,-32.356792,0.000000,0.000000,0.000000,0.000000,0.000000,0.000000,0.000000,2273164,2274770,2276006,0,0,0,0,0,0,0
194,0,0,0,0,0,0,0,0,0,0,-79.417030,-48.358626,0.000000,0.000000,0.000000,0.000000,0.000000,0.000000,0.000000,0.000000,1224019,1224500,0,0,0,0,0,0,0,0
195,0,0,0,0,0,0,0,0,0,0,-71.916827,-31.459481,-167.380342,0.000000,0.000000,0.000000,0.000000,0.000000,0.000000,0.000000,2219296,2224027,2218220,0,0,0,0,0,0,0
196,0,0,0,0,0,0,0,0,0,0,-34.935803,-32.414831,0.000000,0.000000,0.000000,0.000000,0.000000,0.000000,0.000000,0.000000,2453781,2453868,0,0,0,0,0,0,0,0
197,0,0,0,0,0,0,0,0,0,0,-170.800680,-161.089779,-76.894821,0.000000,0.000000,0.000000,0.000000,0.000000,0.000000,0.000000,1332126,1334990,1333490,0,0,0,0,0,0,0
198,0,0,0,0,0,0,0,0,0,0,-193.442620,-34.608998,0.000000,0.000000,0.000000,0.000000,0.000000,0.000000,0.000000,0.000000,1885167,1889778,0,0,0,0,0,0,0,0
199,0,0,0,0,0,0,0,0,0,0,-24.940918,-21.803960,-41.497931,0.000000,0.000000,0.000000,0.000000,0.000000,0.000000,0.000000,84370,84251,84834,0,0,0,0,0,0,0
200,0,0,0,0,0,0,0,0,0,0,-20.620843,-28.439699,0.000000,0.000000,0.000000,0.000000,0.000000,0.000000,0.000000,0.000000,1358222,1361194,0,0,0,0,0,0,0,0
201,0,0,0,0,0,0,0,0,0,0,-70.381253,-158.930701,-147.886962,0.000000,0.000000,0.000000,0.000000,0.000000,0.000000,0.000000,2096196,2094478,2093180,0,0,0,0,0,0,0
202,0,0,0,0,0,0,0,0,0,0,-42.018254,-50.917435,0.000000,0.000000,0.000000,0.000000,0.000000,0.000000,0.000000,0.000000,2403734,2406352,0,0,0,0,0,0,0,0
203,0,0,0,0,0,0,0,0,0,0,-130.515952,0.000000,0.000000,0.000000,0.000000,0.000000,0.000000,0.000000,0.000000,0.000000,61210,0,0,0,0,0,0,0,0,0
204,0,0,0,0,0,0,0,0,0,0,-29.495053,-70.858388,0.000000,0.000000,0.000000,0.000000,0.000000,0.000000,0.000000,0.000000,2260392,2258553,0,0,0,0,0,0,0,0
205,0,0,0,0,0,0,0,0,0,0,-42.189994,-47.206349,0.000000,0.000000,0.000000,0.000000,0.000000,0.000000,0.000000,0.000000,2068318,2068971,0,0,0,0,0,0,0,0
206,0,0,0,0,0,0,0,0,0,0,-36.375465,-20.910116,-57.645084,0.000000,0.000000,0.000000,0.000000,0.000000,0.000000,0.000000,2548202,2548926,2547612,0,0,0,0,0,0,0
207,0,0,0,0,0,0,0,0,0,0,-168.902880,-23.219381,0.000000,0.000000,0.000000,0.000000,0.000000,0.000000,0.000000,0.000000,1081031,1084342,0,0,0,0,0,0,0,0
208,0,0,0,0,0,0,0,0,0,0,-60.565187,-72.847738,-80.635276,0.000000,0.000000,0.000000,0.000000,0.000000,0.000000,0.000000,1939380,1940049,1940021,0,0,0,0,0,0,0
209,0,0,0,0,0,0,0,0,0,0,-84.074732,-244.215974,-159.070137,0.000000,0.000000,0.000000,0.000000,0.000000,0.000000,0.000000,1184184,1186220,1183776,0,0,0,0,0,0,0
210,0,0,0,0,0,0,0,0,0,0,-62.435483,-128.291008,-156.301062,0.000000,0.000000,0.000000,0.000000,0.000000,0.000000,0.000000,1366263,1367387,1365645,0,0,0,0,0,0,0
211,0,0,0,0,0,0,0,0,0,0,-92.188002,-129.669110,-54.732339,0.000000,0.000000,0.000000,0.000000,0.000000,0.000000,0.000000,1243648,1240504,1244783,0,0,0,0,0,0,0
212,0,0,0,0,0,0,0,0,0,0,-41.119855,-20.588309,0.000000,0.000000,0.000000,0.000000,0.000000,0.000000,0.000000,0.000000,1433783,1434148,0,0,0,0,0,0,0,0
213,0,0,0,0,0,0,0,0,0,0,-30.565258,-24.809050,0.000000,0.000000,0.000000,0.000000,0.000000,0.000000,0.000000,0.000000,2153870,2156017,0,0,0,0,0,0,0,0
214,0,0,0,0,0,0,0,0,0,0,-122.900493,-110.343913,0.000000,0.000000,0.000000,0.000000,0.000000,0.000000,0.000000,0.000000,1138530,1139827,0,0,0,0,0,0,0,0
215,0,0,0,0,0,0,0,0,0,0,-32.759985,-41.852261,0.000000,0.000000,0.000000,0.000000,0.000000,0.000000,0.000000,0.000000,2428431,2427628,0,0,0,0,0,0,0,0
216,0,0,0,0,0,0,0,0,0,0,-72.352391,-129.335330,-97.042754,0.000000,0.000000,0.000000,0.000000,0.000000,0.000000,0.000000,1434310,1435932,1433019,0,0,0,0,0,0,0
217,0,0,0,0,0,0,0,0,0,0,-85.118100,-55.105979,0.000000,0.000000,0.000000,0.000000,0.000000,0.000000,0.000000,0.000000,1284121,1286677,0,0,0,0,0,0,0,0
218,0,0,0,0,0,0,0,0,0,0,-31.440242,-172.084065,0.000000,0.000000,0.000000,0.000000,0.000000,0.000000,0.000000,0.000000,1137736,1139696,0,0,0,0,0,0,0,0
219,0,0,0,0,0,0,0,0,0,0,-191.722563,0.000000,0.000000,0.000000,0.000000,0.000000,0.000000,0.000000,0.000000,0.000000,1139450,0,0,0,0,0,0,0,0,0
220,0,0,0,0,0,0,0,0,0,0,-62.840329,-30.757090,-33.783403,0.000000,0.000000,0.000000,0.000000,0.000000,0.000000,0.000000,1337752,1336140,1335837,0,0,0,0,0,0,0
221,0,0,0,0,0,0,0,0,0,0,-268.126282,-81.252233,-128.080633,0.000000,0.000000,0.000000,0.000000,0.000000,0.000000,0.000000,191725,191703,190795,0,0,0,0,0,0,0
222,0,0,0,0,0,0,0,0,0,0,-34.914523,-33.634935,-328.403199,-29.063128,0.000000,0.000000,0.000000,0.000000,0.000000,0.000000,77633,78076,77915,77446,0,0,0,0,0,0
223,0,0,0,0,0,0,0,0,0,0,-124.926450,-80.035377,0.000000,0.000000,0.000000,0.000000,0.000000,0.000000,0.000000,0.000000,57373,57437,0,0,0,0,0,0,0,0
224,0,0,0,0,0,0,0,0,0,0,-56.821855,-31.767035,-48.491386,0.000000,0.000000,0.000000,0.000000,0.000000,0.000000,0.000000,77280,76880,76907,0,0,0,0,0,0,0
225,0,0,0,0,0,0,0,0,0,0,-150.717050,0.000000,0.000000,0.000000,0.000000,0.000000,0.000000,0.000000,0.000000,0.000000,54601,0,0,0,0,0,0,0,0,0
226,0,0,0,0,0,0,0,0,0,0,-75.917488,-43.891267,-28.615693,0.000000,0.000000,0.000000,0.000000,0.000000,0.000000,0.000000,71677,71553,71624,0,0,0,0,0,0,0
227,0,0,0,0,0,0,0,0,0,0,-395.194858,-38.344079,0.000000,0.000000,0.000000,0.000000,0.000000,0.000000,0.000000,0.000000,63067,63652,0,0,0,0,0,0,0,0
228,0,0,0,0,0,0,0,0,0,0,-174.557666,-150.931167,0.000000,0.000000,0.000000,0.000000,0.000000,0.000000,0.000000,0.000000,239868,240425,0,0,0,0,0,0,0,0
229,0,0,0,0,0,0,0,0,0,0,-65.902049,-181.365816,-83.249506,0.000000,0.000000,0.000000,0.000000,0.000000,0.000000,0.000000,109808,110334,109963,0,0,0,0,0,0,0
230,0,0,0,0,0,0,0,0,0,0,-233.718003,0.000000,0.000000,0.000000,0.000000,0.000000,0.000000,0.000000,0.000000,0.000000,176175,0,0,0,0,0,0,0,0,0
231,0,0,0,0,0,0,0,0,0,0,-49.387150,-88.658451,-83.798927,0.000000,0.000000,0.000000,0.000000,0.000000,0.000000,0.000000,63173,63496,63034,0,0,0,0,0,0,0
232,0,0,0,0,0,0,0,0,0,0,-21.297876,-43.975609,0.000000,0.000000,0.000000,0.000000,0.000000,0.000000,0.000000,0.000000,96083,96053,0,0,0,0,0,0,0,0
233,0,0,0,0,0,0,0,0,0,0,-45.018856,0.000000,0.000000,0.000000,0.000000,0.000000,0.000000,0.000000,0.000000,0.000000,2672397,0,0,0,0,0,0,0,0,0
234,0,0,0,0,0,0,0,0,0,0,-190.165362,0.000000,0.000000,0.000000,0.000000,0.000000,0.000000,0.000000,0.000000,0.000000,1917746,0,0,0,0,0,0,0,0,0
235,0,0,0,0,0,0,0,0,0,0,-76.735512,0.000000,0.000000,0.000000,0.000000,0.000000,0.000000,0.000000,0.000000,0.000000,2156976,0,0,0,0,0,0,0,0,0
236,0,0,0,0,0,0,0,0,0,0,-58.932708,0.000000,0.000000,0.000000,0.000000,0.000000,0.000000,0.000000,0.000000,0.000000,1974283,0,0,0,0,0,0,0,0,0
237,0,0,0,0,0,0,0,0,0,0,-39.091205,0.000000,0.000000,0.000000,0.000000,0.000000,0.000000,0.000000,0.000000,0.000000,62005,0,0,0,0,0,0,0,0,0
238,0,0,0,0,0,0,0,0,0,0,0.000000,0.000000,0.000000,0.000000,0.000000,0.000000,0.000000,0.000000,0.000000,0.000000,0,0,0,0,0,0,0,0,0,0
239,0,0,0,0,0,0,0,0,0,0,-29.862244,0.000000,0.000000,0.000000,0.000000,0.000000,0.000000,0.000000,0.000000,0.000000,2360896,0,0,0,0,0,0,0,0,0
240,0,0,0,0,0,0,0,0,0,0,-79.383115,0.000000,0.000000,0.000000,0.000000,0.000000,0.000000,0.000000,0.000000,0.000000,2016801,0,0,0,0,0,0,0,0,0
175,1,0,0,0,0,0,0,0,0,0,-28.730148,-34.461615,0.000000,0.000000,0.000000,0.000000,0.000000,0.000000,0.000000,0.000000,19954,19800,0,0,0,0,0,0,0,0
25,0,0,1,0,0,0,0,0,0,0,-113.813173,-73.046278,-27.768201,0.000000,0.000000,0.000000,0.000000,0.000000,0.000000,0.000000,348,356,395,0,0,0,0,0,0,0
205,1,0,0,0,0,0,0,0,0,0,-38.687402,-77.782218,0.000000,0.000000,0.000000,0.000000,0.000000,0.000000,0.000000,0.000000,476,452,0,0,0,0,0,0,0,0
188,0,1,0,0,0,0,0,0,0,0,-48.085996,-26.947063,0.000000,0.000000,0.000000,0.000000,0.000000,0.000000,0.000000,0.000000,20774,20717,0,0,0,0,0,0,0,0
51,0,0,1,0,0,0,0,0,0,0,-79.302090,-118.675217,-28.665059,-40.315213,0.000000,0.000000,0.000000,0.000000,0.000000,0.000000,6167,6231,6097,6231,0,0,0,0,0,0
143,1,0,0,0,0,0,0,0,0,0,-43.607535,-37.936587,0.000000,0.000000,0.000000,0.000000,0.000000,0.000000,0.000000,0.000000,6725,6633,0,0,0,0,0,0,0,0
187,0,1,0,0,0,0,0,0,0,0,-14.527438,-22.284852,0.000000,0.000000,0.000000,0.000000,0.000000,0.000000,0.000000,0.000000,19,20,0,0,0,0,0,0,0,0
130,0,1,0,0,0,0,0,0,0,0,-74.478804,-51.793978,-96.290770,0.000000,0.000000,0.000000,0.000000,0.000000,0.000000,0.000000,599,532,548,0,0,0,0,0,0,0
215,1,0,0,0,0,0,0,0,0,0,-120.383073,-62.765470,0.000000,0.000000,0.000000,0.000000,0.000000,0.000000,0.000000,0.000000,599,661,0,0,0,0,0,0,0,0
169,1,0,0,0,0,0,0,0,0,0,-50.467758,-28.794761,0.000000,0.000000,0.000000,0.000000,0.000000,0.000000,0.000000,0.000000,845,792,0,0,0,0,0,0,0,0
179,0,0,1,0,0,0,0,0,0,0,-82.678773,-53.328430,-95.708658,0.000000,0.000000,0.000000,0.000000,0.000000,0.000000,0.000000,774,808,771,0,0,0,0,0,0,0
196,1,0,0,0,0,0,0,0,0,0,-22.741175,-39.459124,0.000000,0.000000,0.000000,0.000000,0.000000,0.000000,0.000000,0.000000,24,26,0,0,0,0,0,0,0,0
124,0,1,0,0,0,0,0,0,0,0,-28.178136,-19.027132,0.000000,0.000000,0.000000,0.000000,0.000000,0.000000,0.000000,0.000000,18,25,0,0,0,0,0,0,0,0
170,0,1,0,0,0,0,0,0,0,0,-119.611769,-35.444275,-142.684823,-124.655774,0.000000,0.000000,0.000000,0.000000,0.000000,0.000000,97,121,103,90,0,0,0,0,0,0
235,1,0,0,0,0,0,0,0,0,0,-190.629150,0.000000,0.000000,0.000000,0.000000,0.000000,0.000000,0.000000,0.000000,0.000000,167,0,0,0,0,0,0,0,0,0
190,0,1,0,0,0,0,0,0,0,0,-152.342709,-56.049238,-115.916418,-66.195379,0.000000,0.000000,0.000000,0.000000,0.000000,0.000000,474,554,499,516,0,0,0,0,0,0
155,0,1,0,0,0,0,0,0,0,0,-133.484810,-35.574000,-82.457436,-31.261930,0.000000,0.000000,0.000000,0.000000,0.000000,0.000000,535,523,578,515,0,0,0,0,0,0
52,0,0,1,0,0,0,0,0,0,0,-37.975053,-11.302746,-14.454166,0.000000,0.000000,0.000000,0.000000,0.000000,0.000000,0.000000,19,13,14,0,0,0,0,0,0,0
70,0,1,0,0,0,0,0,0,0,0,-219.216260,-92.689859,-74.672325,0.000000,0.000000,0.000000,0.000000,0.000000,0.000000,0.000000,493,517,461,0,0,0,0,0,0,0
21,0,1,0,0,0,0,0,0,0,0,-139.782053,-62.181673,-61.995339,0.000000,0.000000,0.000000,0.000000,0.000000,0.000000,0.000000,531,485,544,0,0,0,0,0,0,0
115,0,1,0,0,0,0,0,0,0,0,-266.211488,-94.226825,-54.276919,0.000000,0.000000,0.000000,0.000000,0.000000,0.000000,0.000000,802,730,728,0,0,0,0,0,0,0
136,0,1,0,0,0,0,0,0,0,0,-121.940560,-213.744925,0.000000,0.000000,0.000000,0.000000,0.000000,0.000000,0.000000,0.000000,791,781,0,0,0,0,0,0,0,0
112,0,0,1,0,0,0,0,0,0,0,-21.572088,-21.042136,-12.978985,0.000000,0.000000,0.000000,0.000000,0.000000,0.000000,0.000000,10,18,15,0,0,0,0,0,0,0
166,1,0,0,0,0,0,0,0,0,0,-28.641957,-47.540819,-76.400829,0.000000,0.000000,0.000000,0.000000,0.000000,0.000000,0.000000,3333,3406,3343,0,0,0,0,0,0,0
180,1,0,0,0,0,0,0,0,0,0,-49.184623,0.000000,0.000000,0.000000,0.000000,0.000000,0.000000,0.000000,0.000000,0.000000,4212,0,0,0,0,0,0,0,0,0
100,0,1,0,0,0,0,0,0,0,0,-14.284640,-12.629690,-14.633297,0.000000,0.000000,0.000000,0.000000,0.000000,0.000000,0.000000,6,8,9,0,0,0,0,0,0,0
36,0,1,0,0,0,0,0,0,0,0,-6.051399,-12.046564,-24.305343,-11.431306,0.000000,0.000000,0.000000,0.000000,0.000000,0.000000,4,8,11,7,0,0,0,0,0,0
154,1,0,0,0,0,0,0,0,0,0,-8.897279,-36.982336,-21.534553,0.000000,0.000000,0.000000,0.000000,0.000000,0.000000,0.000000,10,11,9,0,0,0,0,0,0,0
206,0,1,0,0,0,0,0,0,0,0,-36.483337,-86.071176,-58.358098,0.000000,0.000000,0.000000,0.000000,0.000000,0.000000,0.000000,568,590,537,0,0,0,0,0,0,0
147,1,0,0,0,0,0,0,0,0,0,-31.687885,0.000000,0.000000,0.000000,0.000000,0.000000,0.000000,0.000000,0.000000,0.000000,717,0,0,0,0,0,0,0,0,0
172,0,1,0,0,0,0,0,0,0,0,-102.400048,-139.115239,-114.776111,0.000000,0.000000,0.000000,0.000000,0.000000,0.000000,0.000000,7138,7263,7190,0,0,0,0,0,0,0
115,0,0,1,0,0,0,0,0,0,0,-103.734279,-23.443829,-36.604358,0.000000,0.000000,0.000000,0.000000,0.000000,0.000000,0.000000,7053,7054,7104,0,0,0,0,0,0,0
213,0,1,0,0,0,0,0,0,0,0,-25.523964,-46.053493,0.000000,0.000000,0.000000,0.000000,0.000000,0.000000,0.000000,0.000000,45,49,0,0,0,0,0,0,0,0
170,1,0,0,0,0,0,0,0,0,0,-21.426671,-17.215396,-24.631497,-66.985985,0.000000,0.000000,0.000000,0.000000,0.000000,0.000000,45,30,26,32,0,0,0,0,0,0
52,0,1,0,0,0,0,0,0,0,0,-26.947148,-10.442667,-7.088018,0.000000,0.000000,0.000000,0.000000,0.000000,0.000000,0.000000,12,13,7,0,0,0,0,0,0,0
81,0,1,0,0,0,0,0,0,0,0,-22.899381,-65.460487,-28.539503,0.000000,0.000000,0.000000,0.000000,0.000000,0.000000,0.000000,10,19,15,0,0,0,0,0,0,0
142,0,1,0,0,0,0,0,0,0,0,-57.216450,-30.446379,0.000000,0.000000,0.000000,0.000000,0.000000,0.000000,0.000000,0.000000,311,336,0,0,0,0,0,0,0,0
195,0,1,0,0,0,0,0,0,0,0,-80.853692,-94.675601,-133.474276,0.000000,0.000000,0.000000,0.000000,0.000000,0.000000,0.000000,314,300,305,0,0,0,0,0,0,0
78,0,1,0,0,0,0,0,0,0,0,-2.431441,-2.273124,-4.070041,-3.230711,0.000000,0.000000,0.000000,0.000000,0.000000,0.000000,2,3,4,3,0,0,0,0,0,0
185,1,0,0,0,0,0,0,0,0,0,-0.893670,-1.413073,0.000000,0.000000,0.000000,0.000000,0.000000,0.000000,0.000000,0.000000,2,2,0,0,0,0,0,0,0,0
163,0,1,0,0,0,0,0,0,0,0,-18.294010,-5.323248,-21.566802,0.000000,0.000000,0.000000,0.000000,0.000000,0.000000,0.000000,6,4,8,0,0,0,0,0,0,0
125,1,0,0,0,0,0,0,0,0,0,-20.162325,-30.794563,-20.229689,0.000000,0.000000,0.000000,0.000000,0.000000,0.000000,0.000000,17,10,8,0,0,0,0,0,0,0
143,0,1,0,0,0,0,0,0,0,0,-15.103838,-25.430263,0.000000,0.000000,0.000000,0.000000,0.000000,0.000000,0.000000,0.000000,14,9,0,0,0,0,0,0,0,0
135,0,1,0,0,0,0,0,0,0,0,-4.125054,-21.488683,-11.931254,0.000000,0.000000,0.000000,0.000000,0.000000,0.000000,0.000000,2,6,3,0,0,0,0,0,0,0
188,0,2,0,0,0,0,0,0,0,0,-89.096969,-184.159288,0.000000,0.000000,0.000000,0.000000,0.000000,0.000000,0.000000,0.000000,388,415,0,0,0,0,0,0,0,0
175,2,0,0,0,0,0,0,0,0,0,-107.139230,-92.136410,0.000000,0.000000,0.000000,0.000000,0.000000,0.000000,0.000000,0.000000,395,426,0,0,0,0,0,0,0,0
58,0,0,1,0,0,0,0,0,0,0,-66.141791,-103.335772,-25.654502,0.000000,0.000000,0.000000,0.000000,0.000000,0.000000,0.000000,10,8,9,0,0,0,0,0,0,0
18,1,0,0,0,0,0,0,0,0,0,-17.458161,-21.286207,-104.995958,0.000000,0.000000,0.000000,0.000000,0.000000,0.000000,0.000000,8,10,8,0,0,0,0,0,0,0
140,1,0,0,0,0,0,0,0,0,0,-27.166441,-18.227725,0.000000,0.000000,0.000000,0.000000,0.000000,0.000000,0.000000,0.000000,21,15,0,0,0,0,0,0,0,0
202,1,0,0,0,0,0,0,0,0,0,-23.896773,-25.634953,0.000000,0.000000,0.000000,0.000000,0.000000,0.000000,0.000000,0.000000,17,15,0,0,0,0,0,0,0,0
123,0,0,1,0,0,0,0,0,0,0,-1.794160,-6.668241,-0.506381,0.000000,0.000000,0.000000,0.000000,0.000000,0.000000,0.000000,2,3,2,0,0,0,0,0,0,0
