0,0,0,0,0,0,0,0,0,0,0,-58.805868,-37.879946,-45.027331,0.000000,0.000000,0.000000,0.000000,0.000000,0.000000,0.000000,22019,23835,22301,0,0,0,0,0,0,0
1,0,0,0,0,0,0,0,0,0,0,-44.729456,-89.330560,-248.215879,-180.300629,0.000000,0.000000,0.000000,0.000000,0.000000,0.000000,14219,12802,12899,12534,0,0,0,0,0,0
2,0,0,0,0,0,0,0,0,0,0,-36.704014,-60.066961,-65.575134,-82.293193,0.000000,0.000000,0.000000,0.000000,0.000000,0.000000,25417,22744,22779,22990,0,0,0,0,0,0
3,0,0,0,0,0,0,0,0,0,0,-47.342305,-136.829634,-89.423352,0.000000,0.000000,0.000000,0.000000,0.000000,0.000000,0.000000,17991,16428,16179,0,0,0,0,0,0,0
4,0,0,0,0,0,0,0,0,0,0,-39.091652,-58.233568,-44.985532,0.000000,0.000000,0.000000,0.000000,0.000000,0.000000,0.000000,23549,21279,21635,0,0,0,0,0,0,0
5,0,0,0,0,0,0,0,0,0,0,-38.909772,-219.235523,-65.705317,0.000000,0.000000,0.000000,0.000000,0.000000,0.000000,0.000000,23222,20848,21255,0,0,0,0,0,0,0
6,0,0,0,0,0,0,0,0,0,0,100000.000000,0.000000,0.000000,0.000000,0.000000,0.000000,0.000000,0.000000,0.000000,0.000000,18851,0,0,0,0,0,0,0,0,0
7,0,0,0,0,0,0,0,0,0,0,-82.800957,-106.935267,-40.591454,0.000000,0.000000,0.000000,0.000000,0.000000,0.000000,0.000000,22728,22875,25143,0,0,0,0,0,0,0
8,0,0,0,0,0,0,0,0,0,0,-44.859863,-249.696557,-339.297454,-263.891472,0.000000,0.000000,0.000000,0.000000,0.000000,0.000000,15503,13563,13447,13421,0,0,0,0,0,0
9,0,0,0,0,0,0,0,0,0,0,-37.239986,-137.868757,-41.264313,-44.727944,0.000000,0.000000,0.000000,0.000000,0.000000,0.000000,22133,21380,22601,21393,0,0,0,0,0,0
10,0,0,0,0,0,0,0,0,0,0,-308.687805,-168.659186,-148.431751,-60.564658,0.000000,0.000000,0.000000,0.000000,0.000000,0.000000,5965,6097,6049,6978,0,0,0,0,0,0
11,0,0,0,0,0,0,0,0,0,0,-57.455607,-91.424642,-43.728189,-33.976292,0.000000,0.000000,0.000000,0.000000,0.000000,0.000000,22380,21066,21069,22282,0,0,0,0,0,0
12,0,0,0,0,0,0,0,0,0,0,-111.476520,-71.171237,-34.928275,-298.873428,0.000000,0.000000,0.000000,0.000000,0.000000,0.000000,8439,8684,9299,8593,0,0,0,0,0,0
13,0,0,0,0,0,0,0,0,0,0,-86.324994,-50.404119,-41.930486,-101.722273,0.000000,0.000000,0.000000,0.000000,0.000000,0.000000,18873,18988,20365,18812,0,0,0,0,0,0
14,0,0,0,0,0,0,0,0,0,0,-34.479373,-66.098256,-55.796067,-38.912727,0.000000,0.000000,0.000000,0.000000,0.000000,0.000000,17197,16652,16887,17818,0,0,0,0,0,0
15,0,0,0,0,0,0,0,0,0,0,-34.180886,-69.684874,-41.108625,-42.936922,0.000000,0.000000,0.000000,0.000000,0.000000,0.000000,20459,20327,19998,21738,0,0,0,0,0,0
16,0,0,0,0,0,0,0,0,0,0,-83.799850,-125.544088,-104.218813,0.000000,0.000000,0.000000,0.000000,0.000000,0.000000,0.000000,11038,10286,10274,0,0,0,0,0,0,0
17,0,0,0,0,0,0,0,0,0,0,-57.386005,-91.848284,-44.168700,0.000000,0.000000,0.000000,0.000000,0.000000,0.000000,0.000000,19899,18905,19680,0,0,0,0,0,0,0
18,0,0,0,0,0,0,0,0,0,0,-25.184957,-25.823774,-50.061711,0.000000,0.000000,0.000000,0.000000,0.000000,0.000000,0.000000,15651,16007,15114,0,0,0,0,0,0,0
19,0,0,0,0,0,0,0,0,0,0,-146.213129,-185.864818,-268.575259,-45.007198,0.000000,0.000000,0.000000,0.000000,0.000000,0.000000,13427,13150,13471,14941,0,0,0,0,0,0
20,0,0,0,0,0,0,0,0,0,0,-146.194388,-71.057757,-47.872438,0.000000,0.000000,0.000000,0.000000,0.000000,0.000000,0.000000,21563,21922,23157,0,0,0,0,0,0,0
21,0,0,0,0,0,0,0,0,0,0,-44.476329,-33.953221,-51.882620,0.000000,0.000000,0.000000,0.000000,0.000000,0.000000,0.000000,20239,20191,21111,0,0,0,0,0,0,0
22,0,0,0,0,0,0,0,0,0,0,-30.748978,-104.947478,-33.588367,0.000000,0.000000,0.000000,0.000000,0.000000,0.000000,0.000000,19055,17737,18042,0,0,0,0,0,0,0
23,0,0,0,0,0,0,0,0,0,0,-33.620089,-88.446869,-54.397020,0.000000,0.000000,0.000000,0.000000,0.000000,0.000000,0.000000,15159,16228,14954,0,0,0,0,0,0,0
24,0,0,0,0,0,0,0,0,0,0,-34.191749,-36.721298,-74.641000,0.000000,0.000000,0.000000,0.000000,0.000000,0.000000,0.000000,24026,23241,22630,0,0,0,0,0,0,0
25,0,0,0,0,0,0,0,0,0,0,-87.907767,-71.702536,-24.628087,0.000000,0.000000,0.000000,0.000000,0.000000,0.000000,0.000000,28379,28530,30665,0,0,0,0,0,0,0
26,0,0,0,0,0,0,0,0,0,0,-247.224109,-29.475880,-139.861828,0.000000,0.000000,0.000000,0.000000,0.000000,0.000000,0.000000,7972,8901,7906,0,0,0,0,0,0,0
27,0,0,0,0,0,0,0,0,0,0,-212.669802,-265.578330,-220.411750,0.000000,0.000000,0.000000,0.000000,0.000000,0.000000,0.000000,8927,8728,9172,0,0,0,0,0,0,0
28,0,0,0,0,0,0,0,0,0,0,-37.481186,-77.371070,-62.700922,0.000000,0.000000,0.000000,0.000000,0.000000,0.000000,0.000000,26926,26286,28400,0,0,0,0,0,0,0
29,0,0,0,0,0,0,0,0,0,0,-174.070179,-120.960786,0.000000,0.000000,0.000000,0.000000,0.000000,0.000000,0.000000,0.000000,15610,16762,0,0,0,0,0,0,0,0
30,0,0,0,0,0,0,0,0,0,0,-37.001782,-107.578764,-32.452966,0.000000,0.000000,0.000000,0.000000,0.000000,0.000000,0.000000,27738,27032,28920,0,0,0,0,0,0,0
31,0,0,0,0,0,0,0,0,0,0,-157.249650,-50.881442,-79.153701,0.000000,0.000000,0.000000,0.000000,0.000000,0.000000,0.000000,23053,25311,23269,0,0,0,0,0,0,0
32,0,0,0,0,0,0,0,0,0,0,-59.406040,-45.395979,-83.111975,-36.489551,0.000000,0.000000,0.000000,0.000000,0.000000,0.000000,24923,23922,23685,25826,0,0,0,0,0,0
33,0,0,0,0,0,0,0,0,0,0,-322.188684,-204.232407,-182.879248,0.000000,0.000000,0.000000,0.000000,0.000000,0.000000,0.000000,6848,6983,7057,0,0,0,0,0,0,0
34,0,0,0,0,0,0,0,0,0,0,-63.665194,-37.344144,-145.242702,0.000000,0.000000,0.000000,0.000000,0.000000,0.000000,0.000000,27384,26262,25691,0,0,0,0,0,0,0
35,0,0,0,0,0,0,0,0,0,0,-26.730798,-37.204873,-101.642636,0.000000,0.000000,0.000000,0.000000,0.000000,0.000000,0.000000,23677,21898,21589,0,0,0,0,0,0,0
36,0,0,0,0,0,0,0,0,0,0,-46.998949,-39.939350,-61.612422,-39.443378,0.000000,0.000000,0.000000,0.000000,0.000000,0.000000,23664,24812,23808,26015,0,0,0,0,0,0
37,0,0,0,0,0,0,0,0,0,0,-57.214308,-143.731417,0.000000,0.000000,0.000000,0.000000,0.000000,0.000000,0.000000,0.000000,17968,16863,0,0,0,0,0,0,0,0
38,0,0,0,0,0,0,0,0,0,0,-36.478555,-77.141919,-38.139937,0.000000,0.000000,0.000000,0.000000,0.000000,0.000000,0.000000,29867,27488,27881,0,0,0,0,0,0,0
39,0,0,0,0,0,0,0,0,0,0,-60.670161,-49.446120,-39.062890,0.000000,0.000000,0.000000,0.000000,0.000000,0.000000,0.000000,23814,24190,25963,0,0,0,0,0,0,0
40,0,0,0,0,0,0,0,0,0,0,-28.060039,-54.056565,0.000000,0.000000,0.000000,0.000000,0.000000,0.000000,0.000000,0.000000,21210,20054,0,0,0,0,0,0,0,0
41,0,0,0,0,0,0,0,0,0,0,-37.075733,-93.450104,-46.096168,0.000000,0.000000,0.000000,0.000000,0.000000,0.000000,0.000000,27564,25985,27197,0,0,0,0,0,0,0
42,0,0,0,0,0,0,0,0,0,0,-74.114769,-36.410012,-37.041491,0.000000,0.000000,0.000000,0.000000,0.000000,0.000000,0.000000,27871,30013,28521,0,0,0,0,0,0,0
43,0,0,0,0,0,0,0,0,0,0,-119.244257,-38.770044,-110.892519,0.000000,0.000000,0.000000,0.000000,0.000000,0.000000,0.000000,22522,24479,22470,0,0,0,0,0,0,0
44,0,0,0,0,0,0,0,0,0,0,-234.244426,-209.738979,-44.633466,-242.594804,0.000000,0.000000,0.000000,0.000000,0.000000,0.000000,13482,13587,15203,13138,0,0,0,0,0,0
45,0,0,0,0,0,0,0,0,0,0,-89.385807,-93.531379,-165.774442,0.000000,0.000000,0.000000,0.000000,0.000000,0.000000,0.000000,4109,3912,3893,0,0,0,0,0,0,0
46,0,0,0,0,0,0,0,0,0,0,-103.103809,-75.005692,-58.954310,0.000000,0.000000,0.000000,0.000000,0.000000,0.000000,0.000000,1140,1088,1152,0,0,0,0,0,0,0
47,0,0,0,0,0,0,0,0,0,0,-113.191915,-166.717732,-113.247008,0.000000,0.000000,0.000000,0.000000,0.000000,0.000000,0.000000,2602,2490,2476,0,0,0,0,0,0,0
48,0,0,0,0,0,0,0,0,0,0,100000.000000,0.000000,0.000000,0.000000,0.000000,0.000000,0.000000,0.000000,0.000000,0.000000,688,0,0,0,0,0,0,0,0,0
49,0,0,0,0,0,0,0,0,0,0,-149.124573,-132.241141,-74.295463,0.000000,0.000000,0.000000,0.000000,0.000000,0.000000,0.000000,468,441,450,0,0,0,0,0,0,0
50,0,0,0,0,0,0,0,0,0,0,-106.192555,-94.313702,-161.615299,0.000000,0.000000,0.000000,0.000000,0.000000,0.000000,0.000000,12767,13443,12544,0,0,0,0,0,0,0
51,0,0,0,0,0,0,0,0,0,0,-32.594779,-116.754461,-35.930068,-64.453961,0.000000,0.000000,0.000000,0.000000,0.000000,0.000000,26523,25531,27610,25972,0,0,0,0,0,0
52,0,0,0,0,0,0,0,0,0,0,-123.200286,-29.164196,-31.167191,0.000000,0.000000,0.000000,0.000000,0.000000,0.000000,0.000000,20315,21699,21317,0,0,0,0,0,0,0
53,0,0,0,0,0,0,0,0,0,0,-136.027796,-81.918134,-110.510370,0.000000,0.000000,0.000000,0.000000,0.000000,0.000000,0.000000,21465,21836,23226,0,0,0,0,0,0,0
54,0,0,0,0,0,0,0,0,0,0,-32.990911,-22.640631,0.000000,0.000000,0.000000,0.000000,0.000000,0.000000,0.000000,0.000000,20889,21627,0,0,0,0,0,0,0,0
55,0,0,0,0,0,0,0,0,0,0,-30.784459,-90.996501,-34.010742,-73.870222,0.000000,0.000000,0.000000,0.000000,0.000000,0.000000,22983,21671,21936,22107,0,0,0,0,0,0
56,0,0,0,0,0,0,0,0,0,0,-104.338679,-75.414360,-145.615781,0.000000,0.000000,0.000000,0.000000,0.000000,0.000000,0.000000,20293,21686,19939,0,0,0,0,0,0,0
57,0,0,0,0,0,0,0,0,0,0,-100.013725,-73.309466,-68.104286,0.000000,0.000000,0.000000,0.000000,0.000000,0.000000,0.000000,21179,20247,20747,0,0,0,0,0,0,0
58,0,0,0,0,0,0,0,0,0,0,-126.709738,-63.358807,-24.366177,0.000000,0.000000,0.000000,0.000000,0.000000,0.000000,0.000000,15839,15507,17241,0,0,0,0,0,0,0
59,0,0,0,0,0,0,0,0,0,0,-70.364298,-138.902999,-134.322483,0.000000,0.000000,0.000000,0.000000,0.000000,0.000000,0.000000,21203,19839,19611,0,0,0,0,0,0,0
60,0,0,0,0,0,0,0,0,0,0,-40.317576,-62.922030,0.000000,0.000000,0.000000,0.000000,0.000000,0.000000,0.000000,0.000000,17197,17122,0,0,0,0,0,0,0,0
61,0,0,0,0,0,0,0,0,0,0,-184.775911,-101.875493,-84.590740,0.000000,0.000000,0.000000,0.000000,0.000000,0.000000,0.000000,18085,18659,19219,0,0,0,0,0,0,0
62,0,0,0,0,0,0,0,0,0,0,-35.693700,-33.221993,-134.056924,-118.204329,0.000000,0.000000,0.000000,0.000000,0.000000,0.000000,28567,29436,27608,27457,0,0,0,0,0,0
63,0,0,0,0,0,0,0,0,0,0,-44.069171,-97.158127,-153.876569,-61.046593,-172.545188,0.000000,0.000000,0.000000,0.000000,0.000000,19030,18744,18859,21461,18637,0,0,0,0,0
64,0,0,0,0,0,0,0,0,0,0,-23.961780,287.499015,-103.803669,0.000000,0.000000,0.000000,0.000000,0.000000,0.000000,0.000000,6316,7038,6403,0,0,0,0,0,0,0
65,0,0,0,0,0,0,0,0,0,0,-27.446573,-96.137991,0.000000,0.000000,0.000000,0.000000,0.000000,0.000000,0.000000,0.000000,18636,17891,0,0,0,0,0,0,0,0
66,0,0,0,0,0,0,0,0,0,0,-30.864285,-139.986951,-47.064219,0.000000,0.000000,0.000000,0.000000,0.000000,0.000000,0.000000,21410,19585,20746,0,0,0,0,0,0,0
67,0,0,0,0,0,0,0,0,0,0,-36.037442,-83.312209,-80.141495,0.000000,0.000000,0.000000,0.000000,0.000000,0.000000,0.000000,22240,20415,20469,0,0,0,0,0,0,0
68,0,0,0,0,0,0,0,0,0,0,-41.508526,-76.288826,0.000000,0.000000,0.000000,0.000000,0.000000,0.000000,0.000000,0.000000,17782,16814,0,0,0,0,0,0,0,0
69,0,0,0,0,0,0,0,0,0,0,-23.032303,-165.444822,-88.884611,0.000000,0.000000,0.000000,0.000000,0.000000,0.000000,0.000000,4854,4370,4496,0,0,0,0,0,0,0
70,0,0,0,0,0,0,0,0,0,0,-232.345552,-35.492066,-37.034407,0.000000,0.000000,0.000000,0.000000,0.000000,0.000000,0.000000,19460,20399,20203,0,0,0,0,0,0,0
71,0,0,0,0,0,0,0,0,0,0,-27.039188,-42.127163,0.000000,0.000000,0.000000,0.000000,0.000000,0.000000,0.000000,0.000000,17379,17640,0,0,0,0,0,0,0,0
72,0,0,0,0,0,0,0,0,0,0,-22.008824,-29.702457,0.000000,0.000000,0.000000,0.000000,0.000000,0.000000,0.000000,0.000000,8939,9640,0,0,0,0,0,0,0,0
73,0,0,0,0,0,0,0,0,0,0,-33.496284,-32.449534,-33.734450,0.000000,0.000000,0.000000,0.000000,0.000000,0.000000,0.000000,21062,21692,21300,0,0,0,0,0,0,0
74,0,0,0,0,0,0,0,0,0,0,-96.198136,-68.838786,0.000000,0.000000,0.000000,0.000000,0.000000,0.000000,0.000000,0.000000,20751,20126,0,0,0,0,0,0,0,0
75,0,0,0,0,0,0,0,0,0,0,-29.954210,-23.235870,0.000000,0.000000,0.000000,0.000000,0.000000,0.000000,0.000000,0.000000,19523,20103,0,0,0,0,0,0,0,0
76,0,0,0,0,0,0,0,0,0,0,-46.110633,-62.760898,-76.843379,0.000000,0.000000,0.000000,0.000000,0.000000,0.000000,0.000000,20451,19511,20056,0,0,0,0,0,0,0
77,0,0,0,0,0,0,0,0,0,0,-51.669968,-81.493654,0.000000,0.000000,0.000000,0.000000,0.000000,0.000000,0.000000,0.000000,6925,7268,0,0,0,0,0,0,0,0
78,0,0,0,0,0,0,0,0,0,0,-69.008453,-25.070167,-65.964667,-44.410334,0.000000,0.000000,0.000000,0.000000,0.000000,0.000000,21504,23562,21965,21867,0,0,0,0,0,0
79,0,0,0,0,0,0,0,0,0,0,-37.351939,-127.753326,-36.159067,-37.380464,0.000000,0.000000,0.000000,0.000000,0.000000,0.000000,23836,22927,23949,24094,0,0,0,0,0,0
80,0,0,0,0,0,0,0,0,0,0,-73.915908,-31.148794,0.000000,0.000000,0.000000,0.000000,0.000000,0.000000,0.000000,0.000000,20955,21212,0,0,0,0,0,0,0,0
81,0,0,0,0,0,0,0,0,0,0,-86.863369,-27.462176,-79.681672,0.000000,0.000000,0.000000,0.000000,0.000000,0.000000,0.000000,20391,22863,20735,0,0,0,0,0,0,0
82,0,0,0,0,0,0,0,0,0,0,-133.047496,-82.056966,-20.864589,0.000000,0.000000,0.000000,0.000000,0.000000,0.000000,0.000000,16189,16612,18194,0,0,0,0,0,0,0
83,0,0,0,0,0,0,0,0,0,0,-71.100311,-143.377941,-119.503568,0.000000,0.000000,0.000000,0.000000,0.000000,0.000000,0.000000,3599,3473,3499,0,0,0,0,0,0,0
84,0,0,0,0,0,0,0,0,0,0,-46.415900,-18.672142,0.000000,0.000000,0.000000,0.000000,0.000000,0.000000,0.000000,0.000000,11932,12341,0,0,0,0,0,0,0,0
85,0,0,0,0,0,0,0,0,0,0,-36.616654,-103.802213,-118.212344,0.000000,0.000000,0.000000,0.000000,0.000000,0.000000,0.000000,30447,29329,28546,0,0,0,0,0,0,0
86,0,0,0,0,0,0,0,0,0,0,-58.385674,-52.072303,-60.430080,0.000000,0.000000,0.000000,0.000000,0.000000,0.000000,0.000000,31388,31027,29831,0,0,0,0,0,0,0
87,0,0,0,0,0,0,0,0,0,0,-275.607259,0.000000,0.000000,0.000000,0.000000,0.000000,0.000000,0.000000,0.000000,0.000000,501,0,0,0,0,0,0,0,0,0
88,0,0,0,0,0,0,0,0,0,0,-51.810124,-63.948660,-91.066900,-38.523941,0.000000,0.000000,0.000000,0.000000,0.000000,0.000000,27919,27229,27163,29427,0,0,0,0,0,0
89,0,0,0,0,0,0,0,0,0,0,-23.714664,-271.313198,0.000000,0.000000,0.000000,0.000000,0.000000,0.000000,0.000000,0.000000,11767,10976,0,0,0,0,0,0,0,0
90,0,0,0,0,0,0,0,0,0,0,-36.424119,-74.820635,0.000000,0.000000,0.000000,0.000000,0.000000,0.000000,0.000000,0.000000,10271,10284,0,0,0,0,0,0,0,0
91,0,0,0,0,0,0,0,0,0,0,-36.123322,-71.574806,-51.092583,0.000000,0.000000,0.000000,0.000000,0.000000,0.000000,0.000000,28533,27617,28958,0,0,0,0,0,0,0
92,0,0,0,0,0,0,0,0,0,0,-41.496218,-80.918956,-37.217860,0.000000,0.000000,0.000000,0.000000,0.000000,0.000000,0.000000,29745,27692,28881,0,0,0,0,0,0,0
93,0,0,0,0,0,0,0,0,0,0,-100.863836,-35.964476,-36.047024,0.000000,0.000000,0.000000,0.000000,0.000000,0.000000,0.000000,29439,31085,30527,0,0,0,0,0,0,0
94,0,0,0,0,0,0,0,0,0,0,-51.534847,-45.606577,-76.904601,0.000000,0.000000,0.000000,0.000000,0.000000,0.000000,0.000000,24860,23258,22995,0,0,0,0,0,0,0
95,0,0,0,0,0,0,0,0,0,0,-98.582288,0.000000,0.000000,0.000000,0.000000,0.000000,0.000000,0.000000,0.000000,0.000000,2524,0,0,0,0,0,0,0,0,0
96,0,0,0,0,0,0,0,0,0,0,-115.162102,-35.882545,-42.138507,0.000000,0.000000,0.000000,0.000000,0.000000,0.000000,0.000000,28714,30588,29510,0,0,0,0,0,0,0
97,0,0,0,0,0,0,0,0,0,0,-35.342972,-37.194821,-61.744983,0.000000,0.000000,0.000000,0.000000,0.000000,0.000000,0.000000,30734,29980,28741,0,0,0,0,0,0,0
98,0,0,0,0,0,0,0,0,0,0,-79.800722,0.000000,0.000000,0.000000,0.000000,0.000000,0.000000,0.000000,0.000000,0.000000,579,0,0,0,0,0,0,0,0,0
99,0,0,0,0,0,0,0,0,0,0,-97.568377,-35.569111,-37.854860,-38.103109,0.000000,0.000000,0.000000,0.000000,0.000000,0.000000,26348,27434,27134,28194,0,0,0,0,0,0
100,0,0,0,0,0,0,0,0,0,0,-81.609862,-54.263255,-37.838047,0.000000,0.000000,0.000000,0.000000,0.000000,0.000000,0.000000,26306,26663,28339,0,0,0,0,0,0,0
101,0,0,0,0,0,0,0,0,0,0,-184.075552,0.000000,0.000000,0.000000,0.000000,0.000000,0.000000,0.000000,0.000000,0.000000,344,0,0,0,0,0,0,0,0,0
102,0,0,0,0,0,0,0,0,0,0,-104.889624,0.000000,0.000000,0.000000,0.000000,0.000000,0.000000,0.000000,0.000000,0.000000,3770,0,0,0,0,0,0,0,0,0
103,0,0,0,0,0,0,0,0,0,0,-228.841785,0.000000,0.000000,0.000000,0.000000,0.000000,0.000000,0.000000,0.000000,0.000000,278,0,0,0,0,0,0,0,0,0
104,0,0,0,0,0,0,0,0,0,0,-36.370036,-114.794251,-159.643143,0.000000,0.000000,0.000000,0.000000,0.000000,0.000000,0.000000,391,339,365,0,0,0,0,0,0,0
105,0,0,0,0,0,0,0,0,0,0,-257.342654,-144.989057,-333.363515,-105.405052,0.000000,0.000000,0.000000,0.000000,0.000000,0.000000,580,611,565,608,0,0,0,0,0,0
106,0,0,0,0,0,0,0,0,0,0,-115.926419,-130.685286,0.000000,0.000000,0.000000,0.000000,0.000000,0.000000,0.000000,0.000000,4279,4579,0,0,0,0,0,0,0,0
107,0,0,0,0,0,0,0,0,0,0,-155.268129,-39.627131,0.000000,0.000000,0.000000,0.000000,0.000000,0.000000,0.000000,0.000000,298,338,0,0,0,0,0,0,0,0
108,0,0,0,0,0,0,0,0,0,0,-127.977016,0.000000,0.000000,0.000000,0.000000,0.000000,0.000000,0.000000,0.000000,0.000000,4959,0,0,0,0,0,0,0,0,0
109,0,0,0,0,0,0,0,0,0,0,-75.596540,-190.753027,-100.769210,0.000000,0.000000,0.000000,0.000000,0.000000,0.000000,0.000000,5591,5256,5129,0,0,0,0,0,0,0
110,0,0,0,0,0,0,0,0,0,0,0.000000,0.000000,0.000000,0.000000,0.000000,0.000000,0.000000,0.000000,0.000000,0.000000,0,0,0,0,0,0,0,0,0,0
111,0,0,0,0,0,0,0,0,0,0,108.134305,-217.031225,0.000000,0.000000,0.000000,0.000000,0.000000,0.000000,0.000000,0.000000,270,267,0,0,0,0,0,0,0,0
112,0,0,0,0,0,0,0,0,0,0,-59.307840,-40.474127,-45.788374,0.000000,0.000000,0.000000,0.000000,0.000000,0.000000,0.000000,20087,20457,21100,0,0,0,0,0,0,0
113,0,0,0,0,0,0,0,0,0,0,-31.652583,-86.946879,-29.191439,0.000000,0.000000,0.000000,0.000000,0.000000,0.000000,0.000000,29133,27637,28898,0,0,0,0,0,0,0
114,0,0,0,0,0,0,0,0,0,0,-66.600196,-35.499181,-103.801745,0.000000,0.000000,0.000000,0.000000,0.000000,0.000000,0.000000,30482,30152,29282,0,0,0,0,0,0,0
115,0,0,0,0,0,0,0,0,0,0,-88.559496,-78.570544,-27.511460,0.000000,0.000000,0.000000,0.000000,0.000000,0.000000,0.000000,34248,36829,34495,0,0,0,0,0,0,0
116,0,0,0,0,0,0,0,0,0,0,-31.185693,0.000000,0.000000,0.000000,0.000000,0.000000,0.000000,0.000000,0.000000,0.000000,21921,0,0,0,0,0,0,0,0,0
117,0,0,0,0,0,0,0,0,0,0,-72.167111,-46.011447,0.000000,0.000000,0.000000,0.000000,0.000000,0.000000,0.000000,0.000000,35671,35073,0,0,0,0,0,0,0,0
118,0,0,0,0,0,0,0,0,0,0,-110.204398,-50.384263,-58.213146,0.000000,0.000000,0.000000,0.000000,0.000000,0.000000,0.000000,27757,29984,28941,0,0,0,0,0,0,0
119,0,0,0,0,0,0,0,0,0,0,-23.103795,-45.308861,0.000000,0.000000,0.000000,0.000000,0.000000,0.000000,0.000000,0.000000,22910,22814,0,0,0,0,0,0,0,0
120,0,0,0,0,0,0,0,0,0,0,-90.904602,0.000000,0.000000,0.000000,0.000000,0.000000,0.000000,0.000000,0.000000,0.000000,18433,0,0,0,0,0,0,0,0,0
121,0,0,0,0,0,0,0,0,0,0,-37.877188,-127.258483,-117.989868,0.000000,0.000000,0.000000,0.000000,0.000000,0.000000,0.000000,19607,18592,18084,0,0,0,0,0,0,0
122,0,0,0,0,0,0,0,0,0,0,-74.500479,-53.740084,-109.728243,-72.790367,0.000000,0.000000,0.000000,0.000000,0.000000,0.000000,32126,32217,30331,30161,0,0,0,0,0,0
123,0,0,0,0,0,0,0,0,0,0,-88.805294,-70.706082,-19.114846,0.000000,0.000000,0.000000,0.000000,0.000000,0.000000,0.000000,33308,33046,35911,0,0,0,0,0,0,0
124,0,0,0,0,0,0,0,0,0,0,-48.662714,-19.106584,0.000000,0.000000,0.000000,0.000000,0.000000,0.000000,0.000000,0.000000,37580,39829,0,0,0,0,0,0,0,0
125,0,0,0,0,0,0,0,0,0,0,-66.975275,-135.148098,-106.799486,0.000000,0.000000,0.000000,0.000000,0.000000,0.000000,0.000000,32186,29752,29428,0,0,0,0,0,0,0
126,0,0,0,0,0,0,0,0,0,0,-70.573498,0.000000,0.000000,0.000000,0.000000,0.000000,0.000000,0.000000,0.000000,0.000000,21672,0,0,0,0,0,0,0,0,0
127,0,0,0,0,0,0,0,0,0,0,-50.205438,-27.155017,0.000000,0.000000,0.000000,0.000000,0.000000,0.000000,0.000000,0.000000,17332,17663,0,0,0,0,0,0,0,0
128,0,0,0,0,0,0,0,0,0,0,-79.806254,-86.842515,-104.468506,0.000000,0.000000,0.000000,0.000000,0.000000,0.000000,0.000000,22797,21177,21280,0,0,0,0,0,0,0
129,0,0,0,0,0,0,0,0,0,0,-30.977638,-36.493053,0.000000,0.000000,0.000000,0.000000,0.000000,0.000000,0.000000,0.000000,21844,21054,0,0,0,0,0,0,0,0
130,0,0,0,0,0,0,0,0,0,0,-88.079352,-32.409597,-141.089008,0.000000,0.000000,0.000000,0.000000,0.000000,0.000000,0.000000,34819,37649,34755,0,0,0,0,0,0,0
131,0,0,0,0,0,0,0,0,0,0,-44.096022,-31.178407,-34.026353,0.000000,0.000000,0.000000,0.000000,0.000000,0.000000,0.000000,21149,22369,21994,0,0,0,0,0,0,0
132,0,0,0,0,0,0,0,0,0,0,-79.040037,-118.665192,0.000000,0.000000,0.000000,0.000000,0.000000,0.000000,0.000000,0.000000,21709,20471,0,0,0,0,0,0,0,0
133,0,0,0,0,0,0,0,0,0,0,-127.501105,-24.991855,0.000000,0.000000,0.000000,0.000000,0.000000,0.000000,0.000000,0.000000,15990,17120,0,0,0,0,0,0,0,0
134,0,0,0,0,0,0,0,0,0,0,-233.589087,-286.041876,0.000000,0.000000,0.000000,0.000000,0.000000,0.000000,0.000000,0.000000,2303,2390,0,0,0,0,0,0,0,0
135,0,0,0,0,0,0,0,0,0,0,-113.227687,-67.445174,-145.782441,0.000000,0.000000,0.000000,0.000000,0.000000,0.000000,0.000000,19103,20910,19338,0,0,0,0,0,0,0
136,0,0,0,0,0,0,0,0,0,0,-28.960411,-27.728680,0.000000,0.000000,0.000000,0.000000,0.000000,0.000000,0.000000,0.000000,35719,36063,0,0,0,0,0,0,0,0
137,0,0,0,0,0,0,0,0,0,0,-91.451919,-24.128719,-144.787960,0.000000,0.000000,0.000000,0.000000,0.000000,0.000000,0.000000,19788,21636,19665,0,0,0,0,0,0,0
138,0,0,0,0,0,0,0,0,0,0,-70.089140,-69.950506,-170.609463,0.000000,0.000000,0.000000,0.000000,0.000000,0.000000,0.000000,19249,20737,19036,0,0,0,0,0,0,0
139,0,0,0,0,0,0,0,0,0,0,-89.248818,-62.037092,-59.397992,0.000000,0.000000,0.000000,0.000000,0.000000,0.000000,0.000000,21879,19733,19944,0,0,0,0,0,0,0
140,0,0,0,0,0,0,0,0,0,0,-85.332469,-78.952541,0.000000,0.000000,0.000000,0.000000,0.000000,0.000000,0.000000,0.000000,37825,38688,0,0,0,0,0,0,0,0
141,0,0,0,0,0,0,0,0,0,0,-20.734396,-33.745262,0.000000,0.000000,0.000000,0.000000,0.000000,0.000000,0.000000,0.000000,18851,18346,0,0,0,0,0,0,0,0
142,0,0,0,0,0,0,0,0,0,0,-83.837440,-37.563491,0.000000,0.000000,0.000000,0.000000,0.000000,0.000000,0.000000,0.000000,36066,37602,0,0,0,0,0,0,0,0
143,0,0,0,0,0,0,0,0,0,0,-59.133389,-61.974566,0.000000,0.000000,0.000000,0.000000,0.000000,0.000000,0.000000,0.000000,30638,29667,0,0,0,0,0,0,0,0
144,0,0,0,0,0,0,0,0,0,0,-64.179440,-24.348038,0.000000,0.000000,0.000000,0.000000,0.000000,0.000000,0.000000,0.000000,19815,21193,0,0,0,0,0,0,0,0
145,0,0,0,0,0,0,0,0,0,0,-31.381063,-82.975429,-82.809813,0.000000,0.000000,0.000000,0.000000,0.000000,0.000000,0.000000,40860,38633,39095,0,0,0,0,0,0,0
146,0,0,0,0,0,0,0,0,0,0,-27.077988,-74.247339,0.000000,0.000000,0.000000,0.000000,0.000000,0.000000,0.000000,0.000000,22758,22268,0,0,0,0,0,0,0,0
147,0,0,0,0,0,0,0,0,0,0,-23.790198,0.000000,0.000000,0.000000,0.000000,0.000000,0.000000,0.000000,0.000000,0.000000,44602,0,0,0,0,0,0,0,0,0
148,0,0,0,0,0,0,0,0,0,0,-46.399287,-74.575462,0.000000,0.000000,0.000000,0.000000,0.000000,0.000000,0.000000,0.000000,23442,22148,0,0,0,0,0,0,0,0
149,0,0,0,0,0,0,0,0,0,0,100000.000000,0.000000,0.000000,0.000000,0.000000,0.000000,0.000000,0.000000,0.000000,0.000000,7287,0,0,0,0,0,0,0,0,0
150,0,0,0,0,0,0,0,0,0,0,-43.442810,-80.357549,0.000000,0.000000,0.000000,0.000000,0.000000,0.000000,0.000000,0.000000,34937,33764,0,0,0,0,0,0,0,0
151,0,0,0,0,0,0,0,0,0,0,-45.663098,-18.886662,-80.524956,0.000000,0.000000,0.000000,0.000000,0.000000,0.000000,0.000000,18256,19753,18206,0,0,0,0,0,0,0
152,0,0,0,0,0,0,0,0,0,0,-69.405329,-47.258494,0.000000,0.000000,0.000000,0.000000,0.000000,0.000000,0.000000,0.000000,32521,33889,0,0,0,0,0,0,0,0
153,0,0,0,0,0,0,0,0,0,0,-67.209851,0.000000,0.000000,0.000000,0.000000,0.000000,0.000000,0.000000,0.000000,0.000000,23897,0,0,0,0,0,0,0,0,0
154,0,0,0,0,0,0,0,0,0,0,-22.392261,-122.306166,-83.764820,0.000000,0.000000,0.000000,0.000000,0.000000,0.000000,0.000000,20762,19363,19274,0,0,0,0,0,0,0
155,0,0,0,0,0,0,0,0,0,0,-102.077051,-63.528570,-85.491630,-31.902613,0.000000,0.000000,0.000000,0.000000,0.000000,0.000000,29454,31265,29545,31443,0,0,0,0,0,0
156,0,0,0,0,0,0,0,0,0,0,-92.904978,-141.107141,-124.814362,0.000000,0.000000,0.000000,0.000000,0.000000,0.000000,0.000000,30745,30343,33109,0,0,0,0,0,0,0
157,0,0,0,0,0,0,0,0,0,0,-98.890597,-87.559584,-32.923129,0.000000,0.000000,0.000000,0.000000,0.000000,0.000000,0.000000,28278,28596,31233,0,0,0,0,0,0,0
158,0,0,0,0,0,0,0,0,0,0,-31.840657,-99.918937,0.000000,0.000000,0.000000,0.000000,0.000000,0.000000,0.000000,0.000000,35409,33465,0,0,0,0,0,0,0,0
159,0,0,0,0,0,0,0,0,0,0,-34.560508,-80.594892,-36.256243,0.000000,0.000000,0.000000,0.000000,0.000000,0.000000,0.000000,20345,19869,21408,0,0,0,0,0,0,0
160,0,0,0,0,0,0,0,0,0,0,-132.509999,-113.818010,0.000000,0.000000,0.000000,0.000000,0.000000,0.000000,0.000000,0.000000,31692,31022,0,0,0,0,0,0,0,0
161,0,0,0,0,0,0,0,0,0,0,-132.710635,-68.102569,-336.521209,0.000000,0.000000,0.000000,0.000000,0.000000,0.000000,0.000000,3130,3252,3064,0,0,0,0,0,0,0
162,0,0,0,0,0,0,0,0,0,0,-35.137713,-33.179990,0.000000,0.000000,0.000000,0.000000,0.000000,0.000000,0.000000,0.000000,33766,35521,0,0,0,0,0,0,0,0
163,0,0,0,0,0,0,0,0,0,0,-134.664049,-78.279771,-112.734270,0.000000,0.000000,0.000000,0.000000,0.000000,0.000000,0.000000,18679,20142,19285,0,0,0,0,0,0,0
164,0,0,0,0,0,0,0,0,0,0,-135.919775,-116.386077,-74.895947,0.000000,0.000000,0.000000,0.000000,0.000000,0.000000,0.000000,19240,19285,20604,0,0,0,0,0,0,0
165,0,0,0,0,0,0,0,0,0,0,-26.523501,-40.098960,0.000000,0.000000,0.000000,0.000000,0.000000,0.000000,0.000000,0.000000,18278,17613,0,0,0,0,0,0,0,0
166,0,0,0,0,0,0,0,0,0,0,-18.671789,-46.787535,-58.491094,0.000000,0.000000,0.000000,0.000000,0.000000,0.000000,0.000000,43521,39404,39108,0,0,0,0,0,0,0
167,0,0,0,0,0,0,0,0,0,0,-55.642549,-95.430907,-111.884970,0.000000,0.000000,0.000000,0.000000,0.000000,0.000000,0.000000,28797,26569,27884,0,0,0,0,0,0,0
168,0,0,0,0,0,0,0,0,0,0,-114.321912,-53.659100,-47.640308,0.000000,0.000000,0.000000,0.000000,0.000000,0.000000,0.000000,21739,22727,22270,0,0,0,0,0,0,0
169,0,0,0,0,0,0,0,0,0,0,-49.632058,-69.682658,0.000000,0.000000,0.000000,0.000000,0.000000,0.000000,0.000000,0.000000,20889,21708,0,0,0,0,0,0,0,0
170,0,0,0,0,0,0,0,0,0,0,-23.821970,-23.058435,-37.482000,-126.402305,0.000000,0.000000,0.000000,0.000000,0.000000,0.000000,32980,33027,31208,31132,0,0,0,0,0,0
171,0,0,0,0,0,0,0,0,0,0,-31.544542,-30.386533,-77.152070,0.000000,0.000000,0.000000,0.000000,0.000000,0.000000,0.000000,38869,37057,36403,0,0,0,0,0,0,0
172,0,0,0,0,0,0,0,0,0,0,-78.550948,-27.810639,-107.353653,0.000000,0.000000,0.000000,0.000000,0.000000,0.000000,0.000000,31560,34367,31533,0,0,0,0,0,0,0
173,0,0,0,0,0,0,0,0,0,0,-136.894208,-63.947909,0.000000,0.000000,0.000000,0.000000,0.000000,0.000000,0.000000,0.000000,14723,15637,0,0,0,0,0,0,0,0
174,0,0,0,0,0,0,0,0,0,0,-25.135505,-61.827714,-125.124649,0.000000,0.000000,0.000000,0.000000,0.000000,0.000000,0.000000,30690,28563,28599,0,0,0,0,0,0,0
175,0,0,0,0,0,0,0,0,0,0,-26.321042,-34.614895,0.000000,0.000000,0.000000,0.000000,0.000000,0.000000,0.000000,0.000000,40159,38389,0,0,0,0,0,0,0,0
176,0,0,0,0,0,0,0,0,0,0,-132.424240,-136.517273,-50.310859,-35.065112,-50.422992,0.000000,0.000000,0.000000,0.000000,0.000000,19308,19396,21216,20706,19638,0,0,0,0,0
177,0,0,0,0,0,0,0,0,0,0,-119.327652,-31.577212,-100.245817,0.000000,0.000000,0.000000,0.000000,0.000000,0.000000,0.000000,20170,22236,20342,0,0,0,0,0,0,0
178,0,0,0,0,0,0,0,0,0,0,-31.560047,0.000000,0.000000,0.000000,0.000000,0.000000,0.000000,0.000000,0.000000,0.000000,18630,0,0,0,0,0,0,0,0,0
179,0,0,0,0,0,0,0,0,0,0,-144.750646,-122.367750,-58.348775,0.000000,0.000000,0.000000,0.000000,0.000000,0.000000,0.000000,19331,19573,21153,0,0,0,0,0,0,0
180,0,0,0,0,0,0,0,0,0,0,-23.598666,0.000000,0.000000,0.000000,0.000000,0.000000,0.000000,0.000000,0.000000,0.000000,44037,0,0,0,0,0,0,0,0,0
181,0,0,0,0,0,0,0,0,0,0,-42.138609,0.000000,0.000000,0.000000,0.000000,0.000000,0.000000,0.000000,0.000000,0.000000,1296,0,0,0,0,0,0,0,0,0
182,0,0,0,0,0,0,0,0,0,0,-40.790057,-69.405926,-77.060116,0.000000,0.000000,0.000000,0.000000,0.000000,0.000000,0.000000,20479,19516,19177,0,0,0,0,0,0,0
183,0,0,0,0,0,0,0,0,0,0,-43.900161,-68.656333,-77.564745,0.000000,0.000000,0.000000,0.000000,0.000000,0.000000,0.000000,27655,26188,28329,0,0,0,0,0,0,0
184,0,0,0,0,0,0,0,0,0,0,-119.841135,-27.745480,0.000000,0.000000,0.000000,0.000000,0.000000,0.000000,0.000000,0.000000,37305,38936,0,0,0,0,0,0,0,0
185,0,0,0,0,0,0,0,0,0,0,-39.052651,-39.307242,0.000000,0.000000,0.000000,0.000000,0.000000,0.000000,0.000000,0.000000,22476,21825,0,0,0,0,0,0,0,0
186,0,0,0,0,0,0,0,0,0,0,-21.783460,-24.241563,0.000000,0.000000,0.000000,0.000000,0.000000,0.000000,0.000000,0.000000,19262,19159,0,0,0,0,0,0,0,0
187,0,0,0,0,0,0,0,0,0,0,-29.917808,-56.458326,0.000000,0.000000,0.000000,0.000000,0.000000,0.000000,0.000000,0.000000,21705,20556,0,0,0,0,0,0,0,0
188,0,0,0,0,0,0,0,0,0,0,-46.620487,-23.332733,0.000000,0.000000,0.000000,0.000000,0.000000,0.000000,0.000000,0.000000,39237,41460,0,0,0,0,0,0,0,0
189,0,0,0,0,0,0,0,0,0,0,-60.368440,-38.462199,-102.443209,-28.604336,0.000000,0.000000,0.000000,0.000000,0.000000,0.000000,16589,17284,17866,17100,0,0,0,0,0,0
190,0,0,0,0,0,0,0,0,0,0,-86.567931,-26.056343,-85.317231,-39.874192,0.000000,0.000000,0.000000,0.000000,0.000000,0.000000,27707,31005,27626,28367,0,0,0,0,0,0
191,0,0,0,0,0,0,0,0,0,0,-40.120933,-35.184919,-34.498137,0.000000,0.000000,0.000000,0.000000,0.000000,0.000000,0.000000,35156,35878,37162,0,0,0,0,0,0,0
192,0,0,0,0,0,0,0,0,0,0,-37.953411,-28.290548,-93.307211,0.000000,0.000000,0.000000,0.000000,0.000000,0.000000,0.000000,26720,27706,25994,0,0,0,0,0,0,0
193,0,0,0,0,0,0,0,0,0,0,-50.694599,-46.162195,-28.222034,0.000000,0.000000,0.000000,0.000000,0.000000,0.000000,0.000000,33533,33178,36078,0,0,0,0,0,0,0
194,0,0,0,0,0,0,0,0,0,0,-42.187266,-66.212350,0.000000,0.000000,0.000000,0.000000,0.000000,0.000000,0.000000,0.000000,18914,17830,0,0,0,0,0,0,0,0
195,0,0,0,0,0,0,0,0,0,0,-80.609924,-27.523348,-78.787629,0.000000,0.000000,0.000000,0.000000,0.000000,0.000000,0.000000,32412,35782,32905,0,0,0,0,0,0,0
196,0,0,0,0,0,0,0,0,0,0,-21.330249,-31.819954,0.000000,0.000000,0.000000,0.000000,0.000000,0.000000,0.000000,0.000000,40716,39700,0,0,0,0,0,0,0,0
197,0,0,0,0,0,0,0,0,0,0,-217.078607,-210.048610,-98.224033,0.000000,0.000000,0.000000,0.000000,0.000000,0.000000,0.000000,18711,19071,20234,0,0,0,0,0,0,0
198,0,0,0,0,0,0,0,0,0,0,-187.918293,-73.500603,0.000000,0.000000,0.000000,0.000000,0.000000,0.000000,0.000000,0.000000,26694,28692,0,0,0,0,0,0,0,0
199,0,0,0,0,0,0,0,0,0,0,-61.891978,-69.322453,-61.463730,0.000000,0.000000,0.000000,0.000000,0.000000,0.000000,0.000000,1404,1483,1321,0,0,0,0,0,0,0
200,0,0,0,0,0,0,0,0,0,0,-20.427262,-29.917514,0.000000,0.000000,0.000000,0.000000,0.000000,0.000000,0.000000,0.000000,22681,21797,0,0,0,0,0,0,0,0
201,0,0,0,0,0,0,0,0,0,0,-77.601142,-112.083934,-82.470247,0.000000,0.000000,0.000000,0.000000,0.000000,0.000000,0.000000,31443,29379,29642,0,0,0,0,0,0,0
202,0,0,0,0,0,0,0,0,0,0,-41.949166,-50.794552,0.000000,0.000000,0.000000,0.000000,0.000000,0.000000,0.000000,0.000000,36502,35383,0,0,0,0,0,0,0,0
203,0,0,0,0,0,0,0,0,0,0,-147.979587,0.000000,0.000000,0.000000,0.000000,0.000000,0.000000,0.000000,0.000000,0.000000,985,0,0,0,0,0,0,0,0,0
204,0,0,0,0,0,0,0,0,0,0,-30.092187,-70.562937,0.000000,0.000000,0.000000,0.000000,0.000000,0.000000,0.000000,0.000000,35598,33033,0,0,0,0,0,0,0,0
205,0,0,0,0,0,0,0,0,0,0,-45.470060,-73.446469,0.000000,0.000000,0.000000,0.000000,0.000000,0.000000,0.000000,0.000000,32110,33863,0,0,0,0,0,0,0,0
206,0,0,0,0,0,0,0,0,0,0,-38.933812,-21.049797,-88.824325,0.000000,0.000000,0.000000,0.000000,0.000000,0.000000,0.000000,39285,43235,39616,0,0,0,0,0,0,0
207,0,0,0,0,0,0,0,0,0,0,-106.198495,-29.539701,0.000000,0.000000,0.000000,0.000000,0.000000,0.000000,0.000000,0.000000,15198,16256,0,0,0,0,0,0,0,0
208,0,0,0,0,0,0,0,0,0,0,-60.783332,-38.671253,-35.942850,0.000000,0.000000,0.000000,0.000000,0.000000,0.000000,0.000000,29489,30509,31127,0,0,0,0,0,0,0
209,0,0,0,0,0,0,0,0,0,0,-85.246811,-197.104096,-139.603556,0.000000,0.000000,0.000000,0.000000,0.000000,0.000000,0.000000,18340,16769,17148,0,0,0,0,0,0,0
210,0,0,0,0,0,0,0,0,0,0,-65.140715,-148.644081,-142.831147,0.000000,0.000000,0.000000,0.000000,0.000000,0.000000,0.000000,21214,19457,19480,0,0,0,0,0,0,0
211,0,0,0,0,0,0,0,0,0,0,-120.187572,-85.199630,-48.825689,0.000000,0.000000,0.000000,0.000000,0.000000,0.000000,0.000000,18025,18192,19815,0,0,0,0,0,0,0
212,0,0,0,0,0,0,0,0,0,0,-26.008633,-20.510197,0.000000,0.000000,0.000000,0.000000,0.000000,0.000000,0.000000,0.000000,23031,23953,0,0,0,0,0,0,0,0
213,0,0,0,0,0,0,0,0,0,0,-34.028470,-25.886589,0.000000,0.000000,0.000000,0.000000,0.000000,0.000000,0.000000,0.000000,34206,35174,0,0,0,0,0,0,0,0
214,0,0,0,0,0,0,0,0,0,0,-122.713004,-155.599526,0.000000,0.000000,0.000000,0.000000,0.000000,0.000000,0.000000,0.000000,16815,17733,0,0,0,0,0,0,0,0
215,0,0,0,0,0,0,0,0,0,0,-34.199678,-42.421744,0.000000,0.000000,0.000000,0.000000,0.000000,0.000000,0.000000,0.000000,39142,37957,0,0,0,0,0,0,0,0
216,0,0,0,0,0,0,0,0,0,0,-67.856591,-85.284997,-163.596216,0.000000,0.000000,0.000000,0.000000,0.000000,0.000000,0.000000,22186,21310,21229,0,0,0,0,0,0,0
217,0,0,0,0,0,0,0,0,0,0,-102.428889,-27.709560,0.000000,0.000000,0.000000,0.000000,0.000000,0.000000,0.000000,0.000000,18589,19837,0,0,0,0,0,0,0,0
218,0,0,0,0,0,0,0,0,0,0,-32.823168,-161.898953,0.000000,0.000000,0.000000,0.000000,0.000000,0.000000,0.000000,0.000000,18051,16878,0,0,0,0,0,0,0,0
219,0,0,0,0,0,0,0,0,0,0,-225.516925,0.000000,0.000000,0.000000,0.000000,0.000000,0.000000,0.000000,0.000000,0.000000,16129,0,0,0,0,0,0,0,0,0
220,0,0,0,0,0,0,0,0,0,0,-79.404870,-30.479146,-40.294722,0.000000,0.000000,0.000000,0.000000,0.000000,0.000000,0.000000,19938,21113,20671,0,0,0,0,0,0,0
221,0,0,0,0,0,0,0,0,0,0,-208.829220,-127.590825,-70.243708,0.000000,0.000000,0.000000,0.000000,0.000000,0.000000,0.000000,2873,3035,3073,0,0,0,0,0,0,0
222,0,0,0,0,0,0,0,0,0,0,-36.774014,-33.769332,-363.676526,-31.898484,0.000000,0.000000,0.000000,0.000000,0.000000,0.000000,1231,1261,1238,1243,0,0,0,0,0,0
223,0,0,0,0,0,0,0,0,0,0,-139.741081,-56.855731,0.000000,0.000000,0.000000,0.000000,0.000000,0.000000,0.000000,0.000000,854,941,0,0,0,0,0,0,0,0
224,0,0,0,0,0,0,0,0,0,0,-22.804827,-24.061761,-43.389934,0.000000,0.000000,0.000000,0.000000,0.000000,0.000000,0.000000,1281,1326,1198,0,0,0,0,0,0,0
225,0,0,0,0,0,0,0,0,0,0,-128.486796,0.000000,0.000000,0.000000,0.000000,0.000000,0.000000,0.000000,0.000000,0.000000,806,0,0,0,0,0,0,0,0,0
226,0,0,0,0,0,0,0,0,0,0,-71.332952,-37.916296,-47.288232,0.000000,0.000000,0.000000,0.000000,0.000000,0.000000,0.000000,1133,1130,1211,0,0,0,0,0,0,0
227,0,0,0,0,0,0,0,0,0,0,-402.619359,-29.747104,0.000000,0.000000,0.000000,0.000000,0.000000,0.000000,0.000000,0.000000,1006,1026,0,0,0,0,0,0,0,0
228,0,0,0,0,0,0,0,0,0,0,-192.131864,-91.394448,0.000000,0.000000,0.000000,0.000000,0.000000,0.000000,0.000000,0.000000,3683,3996,0,0,0,0,0,0,0,0
229,0,0,0,0,0,0,0,0,0,0,-43.509823,-194.914651,-33.992863,0.000000,0.000000,0.000000,0.000000,0.000000,0.000000,0.000000,1766,1756,1790,0,0,0,0,0,0,0
230,0,0,0,0,0,0,0,0,0,0,-236.792882,0.000000,0.000000,0.000000,0.000000,0.000000,0.000000,0.000000,0.000000,0.000000,2651,0,0,0,0,0,0,0,0,0
231,0,0,0,0,0,0,0,0,0,0,-38.370823,-129.319773,-71.626401,0.000000,0.000000,0.000000,0.000000,0.000000,0.000000,0.000000,1025,1018,985,0,0,0,0,0,0,0
232,0,0,0,0,0,0,0,0,0,0,-53.273279,-43.656343,0.000000,0.000000,0.000000,0.000000,0.000000,0.000000,0.000000,0.000000,1620,1600,0,0,0,0,0,0,0,0
233,0,0,0,0,0,0,0,0,0,0,-40.696195,0.000000,0.000000,0.000000,0.000000,0.000000,0.000000,0.000000,0.000000,0.000000,41671,0,0,0,0,0,0,0,0,0
234,0,0,0,0,0,0,0,0,0,0,-108.500834,0.000000,0.000000,0.000000,0.000000,0.000000,0.000000,0.000000,0.000000,0.000000,27228,0,0,0,0,0,0,0,0,0
235,0,0,0,0,0,0,0,0,0,0,-29.820098,0.000000,0.000000,0.000000,0.000000,0.000000,0.000000,0.000000,0.000000,0.000000,34738,0,0,0,0,0,0,0,0,0
236,0,0,0,0,0,0,0,0,0,0,-75.265527,0.000000,0.000000,0.000000,0.000000,0.000000,0.000000,0.000000,0.000000,0.000000,30111,0,0,0,0,0,0,0,0,0
237,0,0,0,0,0,0,0,0,0,0,-67.472041,0.000000,0.000000,0.000000,0.000000,0.000000,0.000000,0.000000,0.000000,0.000000,1007,0,0,0,0,0,0,0,0,0
238,0,0,0,0,0,0,0,0,0,0,0.000000,0.000000,0.000000,0.000000,0.000000,0.000000,0.000000,0.000000,0.000000,0.000000,0,0,0,0,0,0,0,0,0,0
239,0,0,0,0,0,0,0,0,0,0,-24.011036,0.000000,0.000000,0.000000,0.000000,0.000000,0.000000,0.000000,0.000000,0.000000,36896,0,0,0,0,0,0,0,0,0
240,0,0,0,0,0,0,0,0,0,0,-62.337363,0.000000,0.000000,0.000000,0.000000,0.000000,0.000000,0.000000,0.000000,0.000000,30230,0,0,0,0,0,0,0,0,0
188,0,1,0,0,0,0,0,0,0,0,-48.221906,-23.897114,0.000000,0.000000,0.000000,0.000000,0.000000,0.000000,0.000000,0.000000,106,138,0,0,0,0,0,0,0,0
175,1,0,0,0,0,0,0,0,0,0,-28.834711,-35.066561,0.000000,0.000000,0.000000,0.000000,0.000000,0.000000,0.000000,0.000000,120,94,0,0,0,0,0,0,0,0
143,1,0,0,0,0,0,0,0,0,0,-3.366780,-10.664482,0.000000,0.000000,0.000000,0.000000,0.000000,0.000000,0.000000,0.000000,3,8,0,0,0,0,0,0,0,0
51,0,0,1,0,0,0,0,0,0,0,-5.263005,-3.675278,0.500000,0.500000,0.000000,0.000000,0.000000,0.000000,0.000000,0.000000,5,2,1,1,0,0,0,0,0,0
25,0,0,1,0,0,0,0,0,0,0,-11.837737,-94.511771,-2.241509,0.000000,0.000000,0.000000,0.000000,0.000000,0.000000,0.000000,4,5,3,0,0,0,0,0,0,0
235,1,0,0,0,0,0,0,0,0,0,-44.794923,0.000000,0.000000,0.000000,0.000000,0.000000,0.000000,0.000000,0.000000,0.000000,210,0,0,0,0,0,0,0,0,0
170,0,1,0,0,0,0,0,0,0,0,-23.431632,-24.927874,-35.257851,-86.629272,0.000000,0.000000,0.000000,0.000000,0.000000,0.000000,112,148,132,123,0,0,0,0,0,0
205,1,0,0,0,0,0,0,0,0,0,-4.220742,-3.290081,0.000000,0.000000,0.000000,0.000000,0.000000,0.000000,0.000000,0.000000,3,4,0,0,0,0,0,0,0,0
169,1,0,0,0,0,0,0,0,0,0,-2.153568,-4.214461,0.000000,0.000000,0.000000,0.000000,0.000000,0.000000,0.000000,0.000000,2,5,0,0,0,0,0,0,0,0
179,0,0,1,0,0,0,0,0,0,0,0.500000,-1.666334,0.500000,0.000000,0.000000,0.000000,0.000000,0.000000,0.000000,0.000000,1,2,1,0,0,0,0,0,0,0
112,0,0,1,0,0,0,0,0,0,0,0.500000,-2.526578,0.500000,0.000000,0.000000,0.000000,0.000000,0.000000,0.000000,0.000000,1,2,1,0,0,0,0,0,0,0
180,1,0,0,0,0,0,0,0,0,0,-1.226385,0.000000,0.000000,0.000000,0.000000,0.000000,0.000000,0.000000,0.000000,0.000000,3,0,0,0,0,0,0,0,0,0
166,1,0,0,0,0,0,0,0,0,0,-1.525884,-2.477695,-8.088944,0.000000,0.000000,0.000000,0.000000,0.000000,0.000000,0.000000,3,2,4,0,0,0,0,0,0,0
